22449
22448
22389
22330
22331
22390
22449
22390
22331
22272
22213
22214
22155
22096
22095
22096
22095
22036
21977
21918
21919
21920
21921
21980
21981
21982
21983
21984
22043
22044
22045
22046
22047
22048
22049
22050
22051
22052
22053
22054
22055
22056
22057
22058
22059
22060
22061
22062
22063
22064
22065
22066
22067
22068
22069
22070
22071
22072
22073
22074
22075
22076
22077
22078
22079
22080
22081
22082
22083
22084
22085
22086
22087
22088
22089
22031
22032
22033
22034
22035
22036
22037
22038
22039
22040
22041
22042
22043
22044
22045
22046
22047
22048
22049
22050
22051
22052
21994
21995
21996
21997
21998
21999
22000
22001
22002
22003
22004
22005
22006
22007
22008
22009
22010
22011
22012
22013
22014
22015
21956
21957
21958
21959
21960
21961
21962
21963
21964
21965
21966
21967
21968
21969
21970
21971
21972
21973
21974
21975
21916
21917
21918
21919
21920
21921
21922
21923
21924
21925
21926
21927
21928
21929
21930
21931
21932
21933
21874
21875
21876
21877
21878
21879
21880
21881
21882
21883
21884
21885
21886
21887
21888
21889
21831
21832
21833
21834
21835
21836
21837
21838
21839
21840
21841
21842
21843
21785
21786
21787
21788
21789
21790
21791
21792
21793
21794
21795
21796
21797
21739
21740
21741
21742
21743
21744
21745
21746
21747
21748
21749
21750
21751
21752
21694
21695
21696
21697
21698
21699
21700
21701
21702
21703
21704
21705
21647
21648
21649
21650
21651
21652
21653
21654
21655
21656
21657
21598
21599
21600
21601
21602
21603
21604
21605
21606
21607
21608
21609
21550
21551
21552
21553
21554
21555
21556
21557
21558
21559
21560
21502
21503
21504
21505
21506
21507
21508
21509
21510
21511
21452
21453
21454
21455
21456
21457
21458
21459
21460
21461
21462
21403
21404
21405
21406
21407
21408
21409
21410
21411
21412
21413
21354
21355
21356
21357
21358
21359
21360
21361
21362
21363
21304
21305
21306
21307
21308
21309
21310
21311
21312
21254
21255
21256
21257
21258
21259
21260
21261
21262
21203
21204
21205
21206
21207
21208
21209
21210
21211
21153
21154
21155
21156
21157
21158
21159
21160
21161
21102
21103
21104
21105
21106
21107
21108
21109
21051
21052
21053
21054
21055
21056
21057
21058
20999
21000
21001
21002
21003
21004
21005
21006
20948
20949
20950
20951
20952
20953
20954
20955
20896
20897
20898
20899
20900
20901
20902
20903
20844
20845
20846
20847
20848
20849
20850
20851
20793
20794
20795
20796
20797
20798
20799
20741
20742
20743
20744
20745
20746
20747
20688
20689
20690
20691
20692
20693
20694
20695
20636
20637
20638
20639
20640
20641
20642
20584
20585
20586
20587
20588
20589
20590
20532
20533
20534
20535
20536
20537
20538
20479
20480
20481
20482
20483
20484
20485
20427
20428
20429
20430
20431
20432
20433
20374
20375
20376
20377
20378
20379
20380
20321
20322
20323
20324
20325
20326
20327
20268
20269
20270
20271
20272
20273
20274
20215
20216
20217
20218
20219
20220
20221
20162
20163
20164
20165
20166
20167
20109
20110
20111
20112
20113
20114
20055
20056
20057
20058
20059
20060
20061
20002
20003
20004
20005
20006
20007
19949
19950
19951
19952
19953
19954
19895
19896
19897
19898
19899
19900
19842
19843
19844
19845
19846
19847
19788
19789
19790
19791
19792
19793
19734
19735
19736
19737
19738
19739
19681
19682
19683
19684
19685
19686
19627
19628
19629
19630
19631
19632
19573
19574
19575
19576
19577
19578
19519
19520
19521
19522
19523
19524
19465
19466
19467
19468
19469
19470
19411
19412
19413
19414
19415
19416
19357
19358
19359
19360
19361
19362
19303
19304
19305
19306
19307
19308
19249
19250
19251
19252
19253
19195
19196
19197
19198
19199
19200
19201
19142
19143
19144
19145
19146
19147
19148
19089
19090
19091
19092
19093
19094
19095
19096
19037
19038
19039
19040
19041
19042
19043
18984
18985
18986
18987
18988
18989
18990
18931
18932
18933
18934
18935
18936
18937
18878
18879
18880
18881
18882
18883
18884
18885
18826
18827
18828
18829
18830
18831
18832
18773
18774
18775
18776
18777
18778
18720
18721
18722
18723
18724
18725
18667
18668
18669
18670
18671
18672
18613
18614
18615
18616
18617
18618
18619
18560
18561
18562
18563
18564
18565
18506
18507
18508
18509
18510
18511
18512
18453
18454
18455
18456
18457
18458
18400
18401
18402
18403
18404
18405
18346
18347
18348
18349
18350
18351
18292
18293
18294
18295
18296
18297
18298
18239
18240
18241
18242
18243
18244
18185
18186
18187
18188
18189
18190
18131
18132
18133
18134
18135
18136
18077
18078
18079
18080
18081
18082
18023
18024
18025
18026
18027
18028
18029
17970
17971
17972
17973
17974
17975
17916
17917
17918
17919
17920
17862
17863
17864
17865
17866
17807
17808
17809
17810
17811
17812
17753
17754
17755
17756
17757
17758
17699
17700
17701
17702
17703
17704
17645
17646
17647
17648
17649
17590
17591
17592
17593
17594
17595
17536
17537
17538
17539
17540
17541
17482
17483
17484
17485
17486
17428
17429
17430
17431
17432
17373
17374
17375
17376
17377
17319
17320
17321
17322
17323
17264
17265
17266
17267
17268
17209
17210
17211
17212
17213
17155
17156
17157
17158
17159
17100
17101
17102
17103
17104
17045
17046
17047
17048
17049
16991
16992
16993
16994
16995
16936
16937
16938
16939
16940
16881
16882
16883
16884
16885
16826
16827
16828
16829
16830
16772
16773
16774
16775
16776
16717
16718
16719
16720
16662
16663
16664
16665
16666
16607
16608
16609
16610
16611
16552
16553
16554
16555
16556
16497
16498
16499
16500
16501
16442
16443
16444
16445
16446
16387
16388
16389
16390
16391
16332
16333
16334
16335
16336
16277
16278
16279
16280
16281
16222
16223
16224
16225
16167
16168
16169
16170
16112
16113
16114
16115
16057
16058
16059
16060
16001
16002
16003
16004
16005
15946
15947
15948
15949
15891
15892
15893
15894
15835
15836
15837
15838
15839
15780
15781
15782
15783
15725
15726
15727
15728
15669
15670
15671
15672
15613
15614
15615
15616
15617
15558
15559
15560
15561
15502
15503
15504
15505
15446
15447
15448
15389
15330
15331
15272
15213
15154
15095
15036
15037
14978
14919
14920
14861
14862
14863
14864
14865
14866
14867
14868
14869
14870
14871
14872
14873
14872
14873
14932
14991
14992
