22449
22389
22388
22389
22330
22331
22390
22449
22450
22449
22390
22331
22330
22389
22388
22389
22388
22389
22388
22447
22388
22447
22388
22447
22388
22447
22388
22447
22388
22447
22388
22447
22388
22447
22388
22447
22388
22447
22388
22447
22388
22447
22388
22447
22388
22447
22388
22447
22388
22447
22388
22447
22388
22447
22388
22447
22388
22447
22388
22447
22388
22447
22388
22447
22388
22447
22388
22447
22388
22447
22388
22447
22388
22447
22388
22447
22388
22447
22388
22447
22388
22447
22388
22447
22388
22447
22388
22447
22388
22447
22388
22447
22388
22447
22388
22447
22388
22447
22388
22447
22388
22447
22388
22447
22388
22447
22388
22447
22388
22447
22388
22447
22388
22447
22388
22447
22388
22447
22388
22447
22388
22447
22388
22447
22388
22447
22388
22447
22388
22447
22388
22447
22388
22447
22388
22447
22388
22447
22388
22447
22388
22447
22388
22447
22388
22447
22388
22447
22388
22447
22388
22447
22388
22447
22388
22447
22388
22447
22388
22447
22388
22447
22388
22447
22388
22447
22388
22447
22388
22447
22388
22447
22388
22447
22388
22447
22388
22447
22388
22447
22388
22447
22388
22447
22388
22447
22388
22447
22388
22447
22388
22447
22388
22447
22388
22447
22388
22447
22388
22447
22388
22447
22388
22447
22388
22447
22388
22447
22388
22447
22388
22447
22388
22447
22388
22447
22388
22447
22388
22447
22388
22447
22388
22447
22388
22447
22388
22447
22388
22447
22388
22447
22388
22447
22388
22447
