22334
22275
22276
22275
22274
22333
22274
22273
22332
22331
22272
22213
22214
22155
22214
22213
22214
22213
22214
22213
22214
22213
22214
22213
22214
22213
22214
22213
22214
22213
22214
22213
22214
22213
22214
22213
22214
22213
22214
22213
22214
22213
22214
22213
22214
22213
22214
22213
22214
22213
22214
22213
22214
22213
22214
22213
22214
22213
22214
22213
22214
22213
22214
22213
22214
22213
22214
22213
22214
22213
22214
22213
22214
22213
22214
22213
22214
22213
22214
22213
22214
22213
22214
22213
22214
22213
22214
22213
22214
22213
22214
22213
22214
22213
22214
22213
22214
22213
22214
22213
22214
22213
22214
22213
22214
22213
22214
22213
22214
22213
22214
22213
22214
22213
22214
22213
22214
22213
22214
22213
22214
22213
22214
22213
22214
22213
22214
22213
22214
22213
22214
22213
22214
22213
22214
22213
22214
22213
22214
22213
22214
22213
22214
22213
22214
22213
22214
22213
22214
22213
22214
22213
22214
22213
22214
22213
22214
22213
22214
22213
22214
22213
22214
22213
22214
22213
22214
22213
22214
22213
22214
22213
22214
22213
22214
22213
22214
22213
22214
22213
22214
