16841
16782
16840
16839
16840
16839
16780
16779
16720
16779
16778
16777
16836
16835
16834
16833
16832
16891
16890
16889
16888
16887
16886
16885
16884
16883
16942
16941
16940
16939
16938
16937
16936
16935
16934
16933
16932
16931
16930
16929
16928
16927
16868
16867
16866
16865
16864
16863
16862
16861
16860
16859
16858
16857
16856
16855
16854
16853
16852
16851
16792
16791
16790
16789
16788
16787
16786
16785
16784
16783
16782
16781
16780
16779
16778
16777
16718
16717
16716
16715
16714
16713
16712
16711
16710
16709
16708
16707
16706
16705
16704
16645
16644
16643
16642
16641
16640
16639
16638
16637
16636
16635
16634
16633
16632
16631
16630
16629
16628
16627
16626
16625
16624
16623
16564
16563
16562
16561
16560
16559
16558
16557
16556
16555
16554
16553
16552
16551
16550
16549
16548
16547
16546
16545
16544
16543
16542
16541
16540
16539
16538
16537
16536
16535
16534
16533
16532
16531
16471
16470
16469
16468
16467
16466
16465
16464
16463
16462
16461
16460
16459
16458
16457
16456
16455
16396
16395
16394
16393
16392
16391
16390
16389
16388
16387
16386
16385
16384
16383
16382
16381
16321
16320
16319
16318
16317
16316
16315
16314
16313
16312
16311
16252
16251
16250
16249
16248
16247
16246
16245
16244
16243
16183
16182
16181
16180
16179
16178
16177
16176
16175
16174
16115
16114
16113
16112
16111
16110
16049
16046
16045
16044
16043
15984
15982
15981
15980
15979
15920
15919
15918
15917
15916
15915
15855
15854
15853
15852
15851
15792
15791
15790
15789
15788
15787
15727
15726
15725
15724
15723
15663
15662
15661
15660
15601
15600
15599
15598
15597
15538
15537
15536
15535
15476
15475
15474
15473
15414
15413
15412
15353
15352
15293
15292
15233
15232
15173
15172
15113
15112
15053
15052
14993
14992
14932
14931
14872
14873
14874
14875
14876
14877
14878
14879
14938
15000
22095
22096
22095
22096
22095
22096
22095
22096
22095
22096
22155
22214
22213
22272
22331
22330
22389
22449
22390
22391
22392
22393
22394
22335
