16841
16782
16781
16782
16781
16782
16781
16780
16839
16780
16781
16782
16781
16782
16781
16782
16781
16782
16781
16782
16781
16840
16841
16842
16783
16782
16841
16782
16781
16722
16663
16662
16603
16544
16485
16484
16425
16366
16365
16306
16305
16304
16245
16244
16243
16184
16183
16124
16123
16064
16063
16004
16063
16064
16005
16064
16005
16064
16005
16064
16063
16122
16181
16182
16241
16242
16243
16302
16303
16304
16363
16364
16365
16366
16425
16484
16485
16544
16603
16662
16663
16722
16781
16782
16841
16782
16841
