14872
14873
14872
14871
14870
14869
14868
14867
14866
14865
14922
14921
14920
14919
14918
14917
14916
14915
14914
14913
14971
14969
14968
14967
14966
14965
14964
14963
14962
14961
14960
14959
14958
14957
14956
14955
14954
14953
14952
14951
15010
15009
15008
15007
15006
15005
15002
14997
14995
14993
14992
14988
14987
14986
14985
14983
14979
14978
14977
14976
14975
15031
15030
15089
15088
15087
15145
15144
15202
15201
15260
15259
15258
15257
15316
15315
15314
15373
15372
15541
15540
15597
15596
15654
15653
15711
15710
15709
15768
15767
15766
15765
15824
15823
15822
15881
15880
15879
15878
15937
15935
15993
15992
15991
16050
16049
16048
16384
16552
16602
16656
16655
16713
16711
16710
16709
16708
16766
16762
16761
16819
16818
16817
16869
16868
16867
16924
16974
16972
17026
17025
17083
17081
17080
17079
17078
17137
17136
17135
17134
17133
17132
17190
17189
17188
17187
17186
17241
17240
17299
17297
17408
17463
17522
17521
17520
17578
17577
17576
17634
17633
17632
17631
17690
17689
17688
17746
17745
17744
17743
17802
17801
17800
17799
17857
17856
17855
17854
17913
17912
17911
17968
17967
17966
18024
18023
18022
18021
18080
18079
18078
18077
18135
18190
18189
18247
18246
18245
18300
18299
18358
18357
18355
18413
18412
18411
18410
18469
18468
18467
18466
18524
18523
18522
18521
18580
18579
18578
18577
25603
25722
27326
27201
27014
26770
26769
26710
26709
26708
26649
26648
26647
26588
26587
26586
26527
26526
26525
26466
26465
26405
26404
26345
26344
26343
26284
26283
26223
