5534
5535
5476
5417
5358
5299
5240
5181
5122
5063
5004
4945
4944
4885
4826
4767
4708
4649
4590
4531
4472
4413
4354
4355
4356
4357
4358
4359
4360
4361
4362
4363
4304
4305
4306
4247
4248
4189
4130
4071
4012
3953
3894
3895
3836
3777
3778
3719
3660
3659
3658
3599
3598
3539
3538
3597
3656
3715
3774
3715
3714
3715
3656
3597
3538
3479
3478
3477
3418
3417
3358
3357
3298
3297
3296
3237
3236
3177
3118
3117
3058
3057
2998
2939
2880
2821
2762
2761
2702
2643
2644
2643
2584
2525
2526
2467
2408
2407
2348
2289
2230
2231
2172
2113
2054
1995
1936
1877
1818
1759
1700
1701
1702
1703
