22214
22213
22214
22213
22214
22213
22214
22213
22214
22213
22214
22213
22214
22213
22214
22213
22214
22213
22214
22213
22214
22213
22214
22213
22214
22213
22214
22213
22214
22213
22214
22213
22214
22213
22214
22213
22214
22213
22214
22213
22214
22213
22214
22213
22214
22213
22214
22213
22214
22213
22214
22213
22214
22213
22214
22213
22214
22213
22214
22213
22214
22213
22214
22213
22214
22213
22214
22213
22272
22331
22272
22331
22332
22273
22274
22333
22274
22275
22276
22334
22335
22334
22393
22394
22335
22394
22335
22394
22395
