19255
19196
19255
19254
19253
19312
19311
19312
19371
19372
19431
19490
19489
19548
19547
19606
19665
19666
19665
19724
19783
19842
19841
19900
19899
19958
20017
20016
20075
20134
20133
20192
20193
20252
20251
20252
20311
20370
20369
20428
20487
20486
20545
20604
20663
20664
20723
20722
20723
20782
20841
20840
20899
20958
21017
21018
21077
21078
21137
21196
21255
21256
21315
21374
21375
21434
21435
21436
21495
21496
21555
21614
21615
21675
21734
21735
21794
21795
21854
21855
21856
21797
21798
21739
21740
21741
21742
21683
21684
21743
21802
21861
21920
21979
22038
22097
22156
22155
22214
22213
22272
22331
22330
22389
22330
