22214
22213
22214
22213
22214
22213
22214
22213
22214
22213
22214
22213
22214
22213
22214
22213
22214
22213
22214
22213
22214
22213
22214
22213
22214
22213
22214
22213
22214
22213
22214
22213
22214
22213
22212
22213
22214
22213
22214
22213
22214
22213
22214
22213
22214
22213
22214
22213
22214
22213
22272
22331
22272
22331
22273
22274
22333
22274
22275
22276
22335
22336
22395
22336
22335
22334
22275
22276
22275
22274
22333
22274
22273
22332
22331
22272
22213
22214
22155
22214
22213
22214
22213
22214
22213
22214
22213
22214
22213
22214
22213
22214
22213
22214
22213
22214
22213
22214
22213
22214
22213
22214
22213
22214
22213
22214
22213
22214
22213
22214
22213
22214
22213
22214
22213
22214
22213
22214
22213
22214
22213
22214
22213
22214
22213
22214
22213
22214
22213
22214
22213
22214
22213
22214
22213
22214
22213
22214
22213
22214
22213
22214
22213
22214
22213
22214
22213
22214
22213
22214
22213
22214
22213
22214
22213
22214
22213
22214
22213
22214
22213
22214
22213
22214
22213
22214
22213
22214
22213
22214
22213
22214
22213
22214
22213
22214
22213
22214
22213
22214
22213
22214
22213
22214
22213
22214
22213
22214
22213
22214
22213
22214
22213
22214
22213
22214
22213
22214
22213
22214
22213
22214
22213
22214
22213
22214
22213
22214
22213
22214
22213
22214
22213
22214
22213
22214
22213
22214
22213
22214
22213
22214
22213
22214
22213
22214
22213
22214
22213
22214
22213
22214
22213
22214
22213
22214
22213
22214
22213
22214
22213
22214
22213
22214
22213
