22395
22396
22337
22336
22277
22278
22279
22220
22279
22220
22279
22278
22219
22278
22277
22276
22334
22335
22334
22335
22336
22395
22334
22275
22276
22275
22274
22333
22274
22273
22332
22331
22272
22213
22214
22155
22214
22213
22214
22213
22214
22213
22214
22213
22214
22213
22214
22213
22214
22213
22214
22213
22214
22213
22214
22213
22214
22213
22214
22213
22214
22213
22214
22213
22214
22213
22214
22213
22214
22213
22214
22213
22214
22213
22214
22213
22214
22213
22214
22213
22214
22213
22214
22213
22214
22213
22214
22213
22214
22213
22214
22213
22214
22213
22214
22213
22214
22213
22214
22213
22214
22213
22214
22213
22214
22213
22214
22213
22214
22213
22214
22213
22214
22213
22214
22213
22214
22213
22214
22213
22214
22213
22214
22213
22214
22213
22214
22213
22214
22213
22214
22213
22214
22213
22214
22213
22214
22213
22214
22213
