0,90734
1,90735
2,90616
3,90615
4,90496
5,90270
6,90496
7,90270
8,90496
9,90270
10,90496
11,90270
12,90496
13,90270
14,90496
15,90270
16,90496
17,90270
18,90496
19,90270
20,90496
21,90270
22,90496
23,90270
24,90496
25,90270
26,90496
27,90270
28,90496
29,90270
30,90496
31,90270
32,90496
33,90270
34,90496
35,90270
36,90496
37,90270
38,90496
39,90270
40,90496
41,90270
42,90496
43,90270
44,90496
45,90270
46,90496
47,90270
48,90496
49,90270
50,90496
51,90270
52,90496
53,90270
54,90496
55,90270
56,90496
57,90270
58,90496
59,90270
60,90496
61,90270
62,90496
63,90270
64,90496
65,90270
66,90496
67,90270
68,90496
69,90270
70,90496
71,90270
72,90496
73,90270
74,90496
75,90270
76,90496
77,90270
78,90496
79,90270
80,90496
81,90270
82,90496
83,90270
84,90496
85,90270
86,90496
87,90270
88,90496
89,90270
90,90496
91,90270
92,90496
93,90270
94,90496
95,90270
96,90496
97,90270
98,90496
99,90270
100,90615
101,90270
102,90615
103,90270
104,90615
105,90270
106,90615
107,90270
108,90615
109,90270
110,90615
111,90270
112,90615
113,90270
114,90615
115,90270
116,90615
117,90270
118,90615
119,90270
120,90615
121,90270
122,90615
123,90270
124,90615
125,90270
126,90615
127,90270
128,90615
129,90270
130,90615
131,90270
132,90615
133,90270
134,90615
135,90270
136,90615
137,90270
138,90615
139,90270
140,90615
141,90270
142,90615
143,90270
144,90615
145,90270
146,90615
147,90270
148,90615
149,90270
150,90615
151,90270
152,90615
153,90270
154,90615
155,90270
156,90615
157,90270
158,90615
159,90270
160,90615
161,90270
162,90615
163,90270
164,90615
165,90270
166,90615
167,90270
168,90615
169,90270
170,90615
171,90270
172,90615
173,90270
174,90615
175,90270
176,90615
177,90270
178,90615
179,90270
180,90615
181,90270
182,90615
183,90270
184,90615
185,90270
186,90615
187,90270
188,90615
189,90270
190,90615
191,90270
192,90615
193,90270
194,90615
195,90270
196,90615
197,90270
198,90615
199,90270
200,90615
201,90270
202,90615
203,90270
204,90615
205,90270
206,90615
207,90270
208,90615
209,90270
210,90615
211,90270
212,90616
213,90270
214,90616
215,90270
216,90616
217,90270
218,90616
219,90270
220,90616
221,90270
222,90616
223,90270
224,90616
225,90269
226,90616
227,90269
228,90616
229,90269
230,90616
231,90269
232,90616
233,90269
234,90616
235,90269
236,90616
237,90269
238,90616
239,90269
240,90616
241,90269
242,90616
243,90269
244,90616
245,90269
246,90616
247,90269
248,90616
249,90269
250,90616
251,90269
252,90616
253,90269
254,90616
255,90269
256,90616
257,90269
258,90616
259,90269
260,90616
261,90270
262,90616
263,90270
264,90616
265,90270
266,90616
267,90270
268,90616
269,90270
270,90616
271,90270
272,90616
273,90270
274,90735
275,90270
276,90735
277,90270
278,90735
279,90270
280,90735
281,90270
282,90735
283,90270
284,90735
285,90270
286,90735
287,90270
288,90735
289,90270
290,90735
291,90270
292,90735
293,90270
294,90735
295,90270
296,90735
297,90270
298,90735
299,90270
300,90735
301,90270
302,90735
303,90270
304,90735
305,90270
306,90735
307,90270
308,90735
309,90270
310,90735
311,90270
312,90735
313,90270
314,90735
315,90270
316,90735
317,90270
318,90735
319,90270
320,90735
321,90270
322,90735
323,90270
324,90735
325,90270
326,90735
327,90270
328,90735
329,90270
330,90735
331,90270
332,90735
333,90270
334,90735
335,90270
336,90735
337,90270
338,90735
339,90270
340,90735
341,90270
342,90735
343,90270
344,90735
345,90270
346,90735
347,90270
348,90735
349,90389
350,90735
351,90389
352,90735
353,90389
354,90735
355,90389
356,90735
357,90389
358,90735
359,90389
360,90735
361,90389
362,90735
363,90389
364,90735
365,90389
366,90735
367,90389
368,90735
369,90389
370,90735
371,90389
372,90735
373,90389
374,90735
375,90389
376,90735
377,90389
378,90735
379,90389
380,90735
381,90389
382,90736
383,90389
384,90736
385,90389
386,90736
387,90389
388,90736
389,90389
390,90736
391,90389
392,90736
393,90389
394,90736
395,90389
396,90736
397,90389
398,90736
399,90389
400,90736
401,90389
402,90736
403,90389
404,90736
405,90389
406,90736
407,90389
408,90736
409,90389
410,90736
411,90389
412,90736
413,90389
414,90736
415,90389
416,90736
417,90389
418,90736
419,90389
420,90736
421,90389
422,90736
423,90389
424,90736
425,90389
426,90736
427,90389
428,90736
429,90389
430,90736
431,90389
432,90736
433,90389
434,90736
435,90389
436,90736
437,90389
438,90736
439,90389
440,90736
441,90389
442,90736
443,90389
444,90736
445,90389
446,90736
447,90389
448,90736
449,90389
450,90736
451,90389
452,90736
453,90389
454,90736
455,90389
456,90736
457,90389
458,90736
459,90389
460,90736
461,90389
462,90736
463,90389
464,90736
465,90389
466,90736
467,90389
468,90736
469,90389
470,90736
471,90389
472,90736
473,90389
474,90736
475,90389
476,90736
477,90389
478,90736
479,90389
480,90736
481,90389
482,90736
483,90389
484,90736
485,90389
486,90736
487,90389
488,90736
489,90389
490,90736
491,90389
492,90736
493,90389
494,90736
495,90389
496,90736
497,90389
498,90736
499,90389
500,90736
501,90389
502,90736
503,90389
504,90736
505,90389
506,90736
507,90389
508,90736
509,90390
510,90736
511,90390
512,90736
513,90390
514,90736
515,90390
516,90736
517,90390
518,90736
519,90390
520,90736
521,90390
522,90736
523,90390
524,90736
525,90390
526,90736
527,90390
528,90736
529,90390
530,90736
531,90390
532,90736
533,90390
534,90736
535,90390
536,90736
537,90390
538,90736
539,90390
540,90736
541,90390
542,90736
543,90390
544,90736
545,90390
546,90736
547,90390
548,90736
549,90390
550,90736
551,90390
552,90736
553,90390
554,90736
555,90390
556,90736
557,90390
558,90736
559,90390
560,90736
561,90390
562,90736
563,90390
564,90736
565,90390
566,90736
567,90390
568,90736
569,90390
570,90736
571,90390
572,90736
573,90390
574,90736
575,90390
576,90736
577,90390
578,90736
579,90390
580,90736
581,90390
582,90736
583,90390
584,90736
585,90390
586,90736
587,90390
588,90736
589,90391
590,90736
591,90391
592,90736
593,90391
594,90736
595,90391
596,90736
597,90391
598,90736
599,90391
600,90736
601,90391
602,90736
603,90391
604,90617
605,90391
606,90617
607,90391
608,90617
609,90391
610,90617
611,90391
612,90617
613,90391
614,90617
615,90391
616,90617
617,90391
618,90617
619,90391
620,90617
621,90391
622,90617
623,90391
624,90617
625,90391
626,90617
627,90391
628,90617
629,90391
630,90617
631,90391
632,90617
633,90391
634,90617
635,90391
636,90617
637,90391
638,90498
639,90391
640,90498
641,90391
642,90498
643,90391
644,90498
645,90391
646,90498
647,90391
648,90498
649,90391
650,90498
651,90391
652,90498
653,90391
654,90498
655,90391
656,90498
657,90391
658,90498
659,90391
660,90498
661,90391
662,90498
663,90391
664,90498
665,90391
666,90498
667,90391
668,90498
669,90391
670,90498
671,90391
672,90498
673,90391
674,90498
675,90272
676,90498
677,90272
678,90498
679,90272
680,90379
681,90272
682,90379
683,90272
684,90379
685,90272
686,90379
687,90273
688,90379
689,90273
690,90379
691,90273
692,90379
693,90273
694,90379
695,90273
696,90379
697,90273
698,90379
699,90273
700,90379
701,90273
702,90379
703,90273
704,90379
705,90273
706,90379
707,90273
708,90379
709,90273
710,90379
711,90273
712,90379
713,90273
714,90379
715,90273
716,90379
717,90273
718,90379
719,90273
720,90379
721,90273
722,90379
723,90273
724,90260
725,90273
726,90260
727,90273
728,90260
729,90273
730,90260
731,90273
732,90260
733,90273
734,90260
735,90273
736,90260
737,90273
738,90260
739,90273
740,90260
741,90273
742,90260
743,90273
744,90260
745,90273
746,90260
747,90273
748,90260
749,90273
750,90260
751,90273
752,90260
753,90273
754,90260
755,90273
756,90260
757,90273
758,90260
759,90273
760,90260
761,90273
762,90260
763,90273
764,90260
765,90273
766,90260
767,90273
768,90260
769,90273
770,90260
771,90273
772,90260
773,90273
774,90260
775,90273
776,90260
777,90273
778,90260
779,90273
780,90260
781,90273
782,90260
783,90273
784,90260
785,90273
786,90260
787,90273
788,90260
789,90273
790,90260
791,90273
792,90260
793,90273
794,90260
795,90273
796,90260
797,90273
798,90260
799,90273
800,90260
801,90273
802,90260
803,90273
804,90260
805,90273
806,90260
807,90273
808,90260
809,90273
810,90260
811,90273
812,90260
813,90273
814,90260
815,90273
816,90141
817,90273
818,90141
819,90273
820,90141
821,90273
822,90141
823,90273
824,90141
825,90273
826,90141
827,90273
828,90141
829,90273
830,90141
831,90273
832,90141
833,90273
834,90141
835,90273
836,90141
837,90273
838,90141
839,90273
840,90141
841,90273
842,90141
843,90273
844,90141
845,90273
846,90141
847,90273
848,90141
849,90273
850,90141
851,90273
852,90141
853,90273
854,90141
855,90273
856,90141
857,90273
858,90141
859,90273
860,90141
861,90273
862,90141
863,90273
864,90141
865,90273
866,90141
867,90273
868,90141
869,90273
870,90141
871,90273
872,90141
873,90273
874,90141
875,90273
876,90141
877,90273
878,90141
879,90273
880,90141
881,90273
882,90141
883,90273
884,90141
885,90273
886,90141
887,90273
888,90141
889,90272
890,90141
891,90272
892,90141
893,90272
894,90141
895,90272
896,90140
897,90272
898,90140
899,90272
900,90140
901,90391
902,90140
903,90391
904,90259
905,90391
906,90259
907,90391
908,90259
909,90391
910,90259
911,90391
912,90259
913,90391
914,90259
915,90391
916,90259
917,90391
918,90259
919,90391
920,90259
921,90391
922,90259
923,90391
924,90259
925,90391
926,90259
927,90391
928,90259
929,90391
930,90259
931,90391
932,90259
933,90391
934,90259
935,90391
936,90259
937,90391
938,90259
939,90391
940,90259
941,90391
942,90259
943,90391
944,90259
945,90391
946,90259
947,90391
948,90259
949,90391
950,90259
951,90391
952,90259
953,90391
954,90259
955,90391
956,90259
957,90391
958,90259
959,90391
960,90259
961,90391
962,90259
963,90391
964,90259
965,90391
966,90259
967,90391
968,90259
969,90391
970,90259
971,90391
972,90259
973,90391
974,90259
975,90391
976,90259
977,90391
978,90259
979,90391
980,90259
981,90391
982,90259
983,90391
984,90259
985,90391
986,90259
987,90391
988,90259
989,90391
990,90259
991,90391
992,90259
993,90391
994,90259
995,90391
996,90259
997,90391
998,90259
999,90391
1000,90259
1001,90391
1002,90259
1003,90272
1004,90259
1005,90273
1006,90378
1007,90273
1008,90378
1009,90273
1010,90378
1011,90273
1012,90377
1013,90273
1014,90377
1015,90273
1016,90377
1017,90273
1018,90377
1019,90273
1020,90377
1021,90273
1022,90377
1023,90273
1024,90377
1025,90273
1026,90377
1027,90273
1028,90377
1029,90273
1030,90377
1031,90273
1032,90377
1033,90273
1034,90377
1035,90273
1036,90377
1037,90273
1038,90377
1039,90273
1040,90377
1041,90273
1042,90377
1043,90273
1044,90377
1045,90273
1046,90377
1047,90273
1048,90377
1049,90273
1050,90377
1051,90273
1052,90377
1053,90273
1054,90377
1055,90273
1056,90377
1057,90273
1058,90377
1059,90273
1060,90377
1061,90273
1062,90377
1063,90273
1064,90377
1065,90273
1066,90377
1067,90273
1068,90377
1069,90273
1070,90377
1071,90273
1072,90377
1073,90272
1074,90377
1075,90391
1076,90377
1077,90391
1078,90377
1079,90391
1080,90377
1081,90391
1082,90377
1083,90391
1084,90377
1085,90391
1086,90377
1087,90391
1088,90377
1089,90391
1090,90377
1091,90391
1092,90376
1093,90391
1094,90376
1095,90391
1096,90376
1097,90391
1098,90376
1099,90391
1100,90376
1101,90391
1102,90376
1103,90391
1104,90376
1105,90391
1106,90376
1107,90391
1108,90376
1109,90391
1110,90376
1111,90391
1112,90376
1113,90391
1114,90376
1115,90391
1116,90376
1117,90391
1118,90376
1119,90391
1120,90376
1121,90391
1122,90376
1123,90391
1124,90376
1125,90391
1126,90376
1127,90391
1128,90376
1129,90391
1130,90376
1131,90391
1132,90376
1133,90391
1134,90376
1135,90391
1136,90376
1137,90391
1138,90376
1139,90391
1140,90376
1141,90391
1142,90376
1143,90391
1144,90376
1145,90391
1146,90376
1147,90391
1148,90376
1149,90391
1150,90376
1151,90391
1152,90376
1153,90391
1154,90376
1155,90391
1156,90375
1157,90391
1158,90375
1159,90391
1160,90375
1161,90391
1162,90375
1163,90391
1164,90375
1165,90391
1166,90375
1167,90391
1168,90375
1169,90391
1170,90375
1171,90391
1172,90375
1173,90391
1174,90375
1175,90391
1176,90375
1177,90391
1178,90375
1179,90391
1180,90375
1181,90391
1182,90375
1183,90391
1184,90375
1185,90391
1186,90375
1187,90391
1188,90375
1189,90391
1190,90375
1191,90391
1192,90375
1193,90391
1194,90375
1195,90391
1196,90375
1197,90391
1198,90375
1199,90391
1200,90375
1201,90391
1202,90375
1203,90391
1204,90375
1205,90391
1206,90375
1207,90391
1208,90375
1209,90391
1210,90375
1211,90391
1212,90375
1213,90391
1214,90375
1215,90391
1216,90375
1217,90391
1218,90375
1219,90391
1220,90375
1221,90391
1222,90375
1223,90391
1224,90375
1225,90391
1226,90375
1227,90391
1228,90375
1229,90391
1230,90375
1231,90391
1232,90375
1233,90391
1234,90375
1235,90391
1236,90375
1237,90391
1238,90375
1239,90391
1240,90375
1241,90391
1242,90375
1243,90391
1244,90375
1245,90391
1246,90375
1247,90391
1248,90375
1249,90391
1250,90375
1251,90391
1252,90375
1253,90391
1254,90375
1255,90391
1256,90375
1257,90391
1258,90375
1259,90391
1260,90375
1261,90391
1262,90375
1263,90391
1264,90375
1265,90391
1266,90375
1267,90391
1268,90375
1269,90391
1270,90375
1271,90391
1272,90375
1273,90391
1274,90375
1275,90391
1276,90375
1277,90391
1278,90375
1279,90391
1280,90375
1281,90391
1282,90375
1283,90391
1284,90375
1285,90391
1286,90375
1287,90391
1288,90375
1289,90391
1290,90375
1291,90391
1292,90375
1293,90391
1294,90375
1295,90391
1296,90375
1297,90391
1298,90375
1299,90391
1300,90375
1301,90390
1302,90375
1303,90390
1304,90375
1305,90390
1306,90375
1307,90390
1308,90375
1309,90390
1310,90375
1311,90390
1312,90375
1313,90509
1314,90375
1315,90509
1316,90375
1317,90509
1318,90375
1319,90509
1320,90375
1321,90509
1322,90375
1323,90509
1324,90375
1325,90509
1326,90375
1327,90509
1328,90375
1329,90509
1330,90375
1331,90509
1332,90375
1333,90509
1334,90375
1335,90509
1336,90375
1337,90509
1338,90375
1339,90509
1340,90375
1341,90509
1342,90375
1343,90509
1344,90375
1345,90509
1346,90375
1347,90509
1348,90375
1349,90510
1350,90375
1351,90510
1352,90375
1353,90510
1354,90375
1355,90510
1356,90375
1357,90510
1358,90375
1359,90510
1360,90375
1361,90510
1362,90375
1363,90510
1364,90375
1365,90510
1366,90375
1367,90510
1368,90375
1369,90510
1370,90509
1371,90510
1372,90509
1373,90510
1374,90509
1375,90510
1376,90509
1377,90510
1378,90509
1379,90510
1380,90509
1381,90510
1382,90509
1383,90510
1384,90509
1385,90510
1386,90509
1387,90510
1388,90509
1389,90510
1390,90509
1391,90510
1392,90509
1393,90510
1394,90509
1395,90510
1396,90509
1397,90510
1398,90509
1399,90510
1400,90509
1401,90390
1402,90389
1403,90270
1404,90269
1405,90150
1406,90149
1407,90268
1408,90149
1409,90268
1410,90267
1411,90148
1412,90029
1413,89910
1414,89911
1415,89910
1416,89909
1417,89908
1418,90027
1419,90026
1420,89907
1421,89906
1422,90025
1423,90024
1424,90023
1425,90022
1426,89903
1427,89904
1428,89903
1429,89784
1430,90256
1431,89784
1432,90256
1433,89784
1434,90256
1435,89784
1436,90256
1437,89784
1438,90256
1439,89784
1440,90256
1441,89784
1442,90256
1443,89784
1444,90256
1445,89784
1446,90256
1447,89784
1448,90256
1449,89784
1450,90256
1451,89784
1452,90256
1453,89784
1454,90256
1455,89784
1456,90256
1457,89784
1458,90256
1459,89784
1460,90256
1461,89784
1462,90256
1463,89784
1464,90256
1465,89784
1466,90256
1467,89784
1468,90256
1469,89784
1470,90256
1471,89784
1472,90256
1473,89784
1474,90256
1475,89784
1476,90256
1477,89784
1478,90256
1479,89784
1480,90256
1481,89784
1482,90256
1483,89784
1484,90256
1485,89784
1486,90256
1487,89784
1488,90256
1489,89784
1490,90256
1491,89784
1492,90256
1493,89784
1494,90256
1495,89784
1496,90257
1497,89784
1498,90257
1499,89784
1500,90257
1501,89784
1502,90257
1503,89784
1504,90257
1505,89784
1506,90257
1507,89784
1508,90257
1509,89784
1510,90257
1511,89784
1512,90257
1513,89784
1514,90257
1515,89784
1516,90257
1517,89784
1518,90257
1519,89784
1520,90257
1521,89784
1522,90257
1523,89784
1524,90257
1525,89784
1526,90257
1527,89784
1528,90257
1529,89784
1530,90257
1531,89784
1532,90257
1533,89784
1534,90257
1535,89784
1536,90257
1537,89784
1538,90257
1539,89784
1540,90257
1541,89784
1542,90257
1543,89784
1544,90257
1545,89784
1546,90257
1547,89784
1548,90257
1549,89784
1550,90257
1551,89784
1552,90257
1553,89784
1554,90257
1555,89784
1556,90257
1557,89784
1558,90257
1559,89784
1560,90257
1561,89784
1562,90257
1563,89784
1564,90257
1565,89784
1566,90257
1567,89784
1568,90257
1569,89784
1570,90257
1571,89784
1572,90257
1573,89784
1574,90257
1575,89784
1576,90257
1577,89784
1578,90257
1579,89784
1580,90257
1581,89784
1582,90257
1583,89784
1584,90257
1585,89784
1586,90257
1587,89784
1588,90257
1589,89784
1590,90257
1591,89784
1592,90257
1593,89784
1594,90257
1595,89784
1596,90257
1597,89784
1598,90257
1599,89784
1600,90257
1601,89784
1602,90257
1603,89784
1604,90257
1605,89784
1606,90257
1607,89784
1608,90257
1609,89784
1610,90257
1611,89784
1612,90257
1613,89784
1614,90257
1615,89784
1616,90257
1617,89784
1618,90257
1619,89784
1620,90257
1621,89784
1622,90257
1623,89784
1624,90257
1625,89784
1626,90257
1627,89784
1628,90257
1629,89784
1630,90257
1631,89784
1632,90258
1633,89784
1634,90258
1635,89784
1636,90258
1637,89784
1638,90258
1639,89784
1640,90258
1641,89784
1642,90258
1643,89784
1644,90258
1645,89784
1646,90258
1647,89784
1648,90258
1649,89784
1650,90258
1651,89784
1652,90258
1653,89784
1654,90258
1655,89784
1656,90258
1657,89784
1658,90258
1659,89784
1660,90258
1661,89784
1662,90258
1663,89784
1664,90139
1665,89784
1666,90139
1667,89784
1668,90139
1669,89784
1670,90139
1671,89784
1672,90139
1673,89784
1674,90139
1675,89784
1676,90139
1677,89784
1678,90139
1679,89784
1680,90139
1681,89784
1682,90139
1683,89784
1684,90139
1685,89784
1686,90139
1687,89784
1688,90139
1689,89784
1690,90139
1691,89784
1692,90139
1693,89784
1694,90139
1695,89784
1696,90139
1697,89784
1698,90139
1699,89784
1700,90139
1701,89784
1702,90139
1703,89784
1704,90139
1705,89784
1706,90139
1707,89784
1708,90139
1709,89784
1710,90139
1711,89784
1712,90139
1713,89784
1714,90139
1715,89784
1716,90140
1717,89784
1718,90140
1719,89784
1720,90140
1721,89784
1722,90140
1723,89784
1724,90140
1725,89784
1726,90140
1727,89784
1728,90140
1729,89784
1730,90140
1731,89784
1732,90140
1733,89784
1734,90140
1735,89784
1736,90140
1737,89784
1738,90140
1739,89784
1740,90140
1741,89784
1742,90140
1743,89784
1744,90140
1745,89784
1746,90140
1747,89784
1748,90140
1749,89784
1750,90140
1751,89784
1752,90140
1753,89784
1754,90140
1755,89784
1756,90140
1757,89784
1758,90140
1759,89784
1760,90140
1761,89784
1762,90140
1763,89784
1764,90140
1765,89784
1766,90140
1767,89784
1768,90140
1769,89784
1770,90140
1771,89784
1772,90140
1773,89784
1774,90140
1775,89784
1776,90140
1777,89784
1778,90140
1779,89784
1780,90140
1781,89784
1782,90140
1783,89784
1784,90140
1785,89784
1786,90140
1787,89784
1788,90140
1789,89784
1790,90140
1791,89784
1792,90140
1793,89784
1794,90140
1795,89784
1796,90140
1797,89784
1798,90141
1799,89784
1800,90141
1801,89784
1802,90141
1803,89784
1804,90141
1805,89784
1806,90141
1807,89784
1808,90141
1809,89784
1810,90141
1811,89784
1812,90141
1813,89784
1814,90141
1815,89784
1816,90141
1817,89784
1818,90141
1819,89784
1820,90141
1821,89784
1822,90141
1823,89784
1824,90141
1825,89784
1826,90141
1827,89784
1828,90141
1829,89784
1830,90141
1831,89784
1832,90141
1833,89784
1834,90141
1835,89784
1836,90141
1837,89784
1838,90141
1839,89784
1840,90141
1841,89784
1842,90141
1843,89784
1844,90141
1845,89784
1846,90141
1847,89784
1848,90141
1849,89784
1850,90141
1851,89784
1852,90141
1853,89784
1854,90141
1855,89784
1856,90141
1857,89784
1858,90141
1859,89784
1860,90141
1861,89784
1862,90141
1863,89784
1864,90141
1865,89784
1866,90141
1867,89784
1868,90141
1869,89784
1870,90141
1871,89784
1872,90141
1873,89784
1874,90141
1875,89784
1876,90141
1877,89784
1878,90141
1879,89784
1880,90141
1881,89784
1882,90141
1883,89784
1884,90141
1885,89784
1886,90141
1887,89784
1888,90141
1889,89784
1890,90141
1891,89784
1892,90141
1893,89784
1894,90141
1895,89784
1896,90141
1897,89784
1898,90141
1899,89784
1900,90141
1901,89784
1902,90141
1903,89784
1904,90141
1905,89784
1906,90141
1907,89784
1908,90141
1909,89784
1910,90141
1911,89784
1912,90141
1913,89784
1914,90141
1915,89784
1916,90022
1917,89784
1918,90022
1919,89784
1920,90022
1921,89784
1922,90022
1923,89784
1924,90022
1925,89784
1926,90022
1927,89784
1928,90022
1929,89784
1930,90022
1931,89784
1932,90022
1933,89784
1934,90022
1935,89784
1936,90022
1937,89784
1938,90022
1939,89784
1940,90022
1941,89784
1942,90022
1943,89784
1944,90022
1945,89784
1946,90022
1947,89784
1948,90022
1949,89784
1950,90022
1951,89784
1952,90022
1953,89784
1954,90022
1955,89784
1956,90022
1957,89784
1958,90022
1959,89784
1960,90022
1961,89784
1962,90022
1963,89784
1964,90022
1965,89784
1966,90022
1967,89784
1968,90022
1969,89784
1970,90022
1971,89784
1972,90022
1973,89784
1974,90022
1975,89784
1976,90022
1977,89784
1978,90022
1979,89784
1980,90022
1981,89784
1982,90022
1983,89784
1984,90022
1985,89784
1986,90022
1987,89784
1988,90022
1989,89784
1990,90022
1991,89784
1992,90022
1993,89784
1994,90023
1995,89784
1996,90023
1997,89784
1998,90023
1999,89784
2000,90023
2001,89784
2002,90023
2003,89784
2004,90023
2005,89784
2006,90023
2007,89784
2008,90023
2009,89784
2010,90023
2011,89784
2012,90023
2013,89784
2014,90023
2015,89784
2016,90023
2017,89784
2018,90023
2019,89784
2020,90023
2021,89784
2022,90023
2023,89784
2024,90023
2025,89784
2026,90023
2027,89784
2028,90023
2029,89784
2030,90023
2031,89784
2032,90023
2033,89784
2034,90023
2035,89784
2036,90023
2037,89784
2038,90023
2039,89784
2040,90023
2041,89784
2042,90023
2043,89784
2044,90023
2045,89784
2046,90023
2047,89784
2048,90023
2049,89784
2050,90023
2051,89784
2052,90023
2053,89784
2054,90023
2055,89784
2056,90023
2057,89784
2058,90023
2059,89784
2060,90023
2061,89784
2062,90023
2063,89784
2064,90023
2065,89784
2066,90023
2067,89784
2068,90023
2069,89784
2070,90023
2071,89784
2072,90023
2073,89784
2074,90023
2075,89784
2076,90023
2077,89784
2078,90023
2079,89784
2080,90023
2081,89784
2082,90023
2083,89784
2084,90023
2085,89784
2086,90023
2087,89784
2088,90023
2089,89784
2090,90023
2091,89784
2092,90023
2093,89784
2094,90023
2095,89784
2096,90023
2097,89784
2098,90023
2099,89784
2100,90023
2101,89784
2102,90023
2103,89784
2104,90023
2105,89784
2106,90023
2107,89784
2108,90023
2109,89784
2110,90023
2111,89784
2112,90023
2113,89784
2114,90023
2115,89784
2116,90023
2117,89784
2118,90023
2119,89784
2120,90023
2121,89784
2122,90023
2123,89784
2124,90023
2125,89784
2126,90023
2127,89784
2128,90023
2129,89784
2130,90023
2131,89784
2132,90023
2133,89784
2134,90023
2135,89784
2136,90023
2137,89784
2138,90023
2139,89784
2140,90023
2141,89784
2142,90023
2143,89784
2144,90023
2145,89784
2146,90023
2147,89784
2148,90023
2149,89784
2150,90023
2151,89784
2152,90023
2153,89784
2154,90023
2155,89784
2156,90023
2157,89784
2158,90023
2159,89784
2160,90023
2161,89784
2162,90023
2163,89784
2164,90023
2165,89784
2166,90023
2167,89784
2168,90023
2169,89784
2170,90023
2171,89784
2172,90023
2173,89784
2174,90023
2175,89784
2176,90023
2177,89784
2178,90023
2179,89784
2180,90023
2181,89784
2182,90023
2183,89784
2184,90023
2185,89784
2186,90023
2187,89784
2188,90023
2189,89784
2190,90023
2191,89784
2192,90023
2193,89784
2194,90023
2195,89784
2196,90023
2197,89784
2198,90023
2199,89784
2200,90023
2201,89784
2202,90023
2203,89784
2204,90023
2205,89784
2206,90023
2207,89784
2208,90023
2209,89784
2210,90023
2211,89784
2212,90023
2213,89784
2214,90023
2215,89784
2216,90023
2217,89784
2218,90023
2219,89784
2220,90023
2221,89784
2222,90023
2223,89784
2224,90023
2225,89784
2226,90023
2227,89784
2228,90023
2229,89784
2230,90023
2231,89784
2232,90023
2233,89784
2234,90023
2235,89784
2236,90023
2237,89784
2238,90023
2239,89784
2240,90023
2241,89784
2242,90023
2243,89784
2244,90023
2245,89784
2246,90023
2247,89784
2248,90023
2249,89784
2250,90023
2251,89784
2252,90023
2253,89784
2254,90023
2255,89784
2256,90023
2257,89784
2258,90023
2259,89784
2260,90023
2261,89784
2262,90023
2263,89784
2264,90023
2265,89784
2266,90023
2267,89784
2268,90023
2269,89784
2270,90023
2271,89784
2272,90023
2273,89784
2274,90023
2275,89784
2276,90023
2277,89784
2278,90023
2279,89784
2280,90023
2281,89784
2282,90023
2283,89784
2284,90023
2285,89784
2286,90023
2287,89784
2288,90023
2289,89784
2290,90023
2291,89784
2292,90023
2293,89784
2294,90023
2295,89784
2296,90023
2297,89784
2298,90023
2299,89784
2300,90023
2301,89784
2302,90023
2303,89784
2304,90023
2305,89784
2306,90023
2307,89784
2308,90023
2309,89784
2310,90023
2311,89784
2312,90023
2313,89784
2314,90023
2315,89784
2316,90023
2317,89784
2318,90023
2319,89784
2320,90023
2321,89784
2322,90023
2323,89784
2324,90023
2325,89784
2326,90023
2327,89784
2328,90023
2329,89784
2330,90023
2331,89784
2332,90023
2333,89784
2334,90023
2335,89784
2336,90023
2337,89784
2338,90023
2339,89784
2340,90023
2341,89784
2342,90023
2343,89784
2344,90023
2345,89784
2346,90023
2347,89784
2348,90023
2349,89784
2350,90023
2351,89784
2352,90023
2353,89784
2354,90023
2355,89784
2356,90023
2357,89784
2358,90023
2359,89784
2360,90023
2361,89784
2362,90023
2363,89784
2364,90023
2365,89784
2366,90023
2367,89784
2368,90023
2369,89784
2370,90023
2371,89784
2372,90023
2373,89784
2374,90023
2375,89784
2376,90023
2377,89784
2378,90023
2379,89784
2380,90023
2381,89784
2382,90023
2383,89784
2384,90023
2385,89784
2386,90023
2387,89784
2388,90023
2389,89784
2390,90023
2391,89784
2392,90023
2393,89784
2394,90023
2395,89784
2396,90023
2397,89784
2398,90023
2399,89784
2400,90023
2401,89784
2402,90023
2403,89784
2404,90023
2405,89784
2406,90023
2407,89784
2408,90023
2409,89784
2410,90023
2411,89784
2412,90023
2413,89784
2414,90023
2415,89784
2416,90023
2417,89784
2418,90023
2419,89784
2420,90023
2421,89784
2422,90023
2423,89784
2424,90023
2425,89784
2426,90023
2427,89784
2428,90023
2429,89784
2430,90023
2431,89784
2432,90023
2433,89784
2434,90023
2435,89784
2436,90023
2437,89784
2438,90023
2439,89784
2440,90023
2441,89784
2442,90023
2443,89784
2444,90023
2445,89784
2446,90023
2447,89784
2448,90023
2449,89784
2450,90023
2451,89784
2452,90023
2453,89784
2454,90023
2455,89784
2456,90023
2457,89784
2458,90023
2459,89784
2460,90023
2461,89784
2462,90023
2463,89784
2464,90023
2465,89784
2466,90023
2467,89784
2468,90023
2469,89784
2470,90023
2471,89784
2472,90023
2473,89784
2474,90023
2475,89784
2476,90023
2477,89784
2478,90023
2479,89784
2480,90023
2481,89784
2482,90023
2483,89784
2484,90023
2485,89784
2486,90023
2487,89784
2488,90023
2489,89784
2490,90023
2491,89784
2492,90023
2493,89784
2494,90023
2495,89784
2496,90023
2497,89784
2498,90023
2499,89784
2500,90023
2501,89784
2502,90023
2503,89784
2504,90023
2505,89784
2506,90023
2507,89784
2508,90023
2509,89784
2510,90023
2511,89784
2512,90023
2513,89784
2514,90023
2515,89784
2516,90023
2517,89784
2518,90023
2519,89784
2520,90023
2521,89784
2522,90023
2523,89784
2524,90023
2525,89784
2526,90023
2527,89784
2528,90023
2529,89784
2530,90023
2531,89784
2532,90023
2533,89784
2534,90023
2535,89784
2536,90023
2537,89784
2538,90023
2539,89784
2540,90023
2541,89784
2542,90023
2543,89784
2544,90023
2545,89784
2546,90023
2547,89784
2548,90023
2549,89784
2550,90023
2551,89784
2552,90023
2553,89784
2554,90023
2555,89784
2556,90023
2557,89784
2558,90023
2559,89784
2560,90023
2561,89784
2562,90023
2563,89784
2564,90023
2565,89784
2566,90023
2567,89784
2568,90023
2569,89784
2570,90023
2571,89784
2572,90023
2573,89784
2574,90023
2575,89784
2576,90023
2577,89784
2578,90023
2579,89784
2580,90023
2581,89784
2582,90023
2583,89784
2584,90023
2585,89784
2586,90023
2587,89784
2588,90023
2589,89784
2590,90023
2591,89784
2592,90023
2593,89784
2594,90023
2595,89784
2596,90023
2597,89784
2598,90023
2599,89784
2600,90023
2601,89784
2602,90023
2603,89784
2604,90023
2605,89784
2606,90023
2607,89784
2608,90023
2609,89784
2610,90023
2611,89784
2612,90023
2613,89784
2614,90023
2615,89784
2616,90023
2617,89784
2618,90023
2619,89784
2620,90023
2621,89784
2622,90023
2623,89784
2624,90023
2625,89784
2626,90023
2627,89784
2628,90023
2629,89784
2630,90023
2631,89784
2632,90023
2633,89784
2634,90023
2635,89784
2636,90023
2637,89784
2638,90023
2639,89784
2640,90023
2641,89784
2642,90023
2643,89784
2644,90023
2645,89784
2646,90023
2647,89784
2648,90023
2649,89784
2650,90023
2651,89784
2652,90023
2653,89784
2654,90023
2655,89784
2656,90023
2657,89784
2658,90023
2659,89784
2660,90023
2661,89784
2662,90023
2663,89784
2664,90023
2665,89784
2666,90023
2667,89784
2668,90023
2669,89784
2670,90023
2671,89784
2672,90023
2673,89784
2674,90023
2675,89784
2676,90023
2677,89784
2678,90023
2679,89784
2680,90023
2681,89784
2682,90023
2683,89784
2684,90023
2685,89784
2686,90023
2687,89784
2688,90023
2689,89784
2690,90023
2691,89784
2692,90023
2693,89784
2694,90023
2695,89784
2696,90023
2697,89784
2698,90023
2699,89784
2700,90023
2701,89784
2702,90023
2703,89784
2704,90023
2705,89784
2706,90023
2707,89784
2708,90023
2709,89784
2710,90023
2711,89784
2712,90023
2713,89784
2714,90023
2715,89784
2716,90023
2717,89784
2718,90023
2719,89784
2720,90023
2721,89784
2722,90023
2723,89784
2724,90023
2725,89784
2726,90023
2727,89784
2728,90023
2729,89784
2730,90023
2731,89784
2732,90023
2733,89784
2734,90023
2735,89784
2736,90023
2737,89784
2738,90023
2739,89784
2740,90023
2741,89784
2742,90023
2743,89784
2744,90023
2745,89784
2746,90023
2747,89784
2748,90023
2749,89784
2750,90023
2751,89784
2752,90023
2753,89784
2754,90023
2755,89784
2756,90023
2757,89784
2758,90023
2759,89784
2760,90023
2761,89784
2762,90023
2763,89784
2764,90023
2765,89784
2766,90023
2767,89784
2768,90023
2769,89784
2770,90023
2771,89784
2772,90023
2773,89784
2774,90023
2775,89784
2776,90023
2777,89784
2778,90023
2779,89784
2780,90023
2781,89784
2782,90023
2783,89784
2784,90023
2785,89784
2786,90023
2787,89784
2788,90023
2789,89784
2790,90023
2791,89784
2792,90023
2793,89784
2794,90023
2795,89784
2796,90023
2797,89784
2798,90023
2799,89784
2800,90023
2801,89784
2802,90023
2803,89784
2804,90023
2805,89784
2806,90023
2807,89784
2808,90023
2809,89784
2810,90023
2811,89784
2812,90023
2813,89784
2814,90023
2815,89784
2816,90023
2817,89784
2818,90023
2819,89784
2820,90023
2821,89784
2822,90023
2823,89784
2824,90023
2825,89784
2826,90023
2827,89784
2828,90023
2829,89784
2830,90023
2831,89784
2832,90023
2833,89784
2834,90023
2835,89784
2836,90023
2837,89784
2838,90023
2839,89784
2840,90023
2841,89784
2842,90023
2843,89784
2844,90023
2845,89784
2846,90023
2847,89784
2848,90023
2849,89784
2850,90023
2851,89784
2852,90023
2853,89784
2854,90023
2855,89784
2856,90023
2857,89784
2858,90023
2859,89784
2860,90023
2861,89784
2862,90023
2863,89784
2864,90023
2865,89784
2866,90023
2867,89784
2868,90023
2869,89784
2870,90023
2871,89784
2872,90023
2873,89784
2874,90023
2875,89784
2876,90023
2877,89784
2878,90023
2879,89784
2880,90023
2881,89784
2882,90023
2883,89784
2884,90023
2885,89784
2886,90023
2887,89784
2888,90023
2889,89784
2890,90023
2891,89784
2892,90023
2893,89784
2894,90023
2895,89784
2896,90023
2897,89784
2898,90023
2899,89784
2900,90023
2901,89784
2902,90023
2903,89784
2904,90023
2905,89784
2906,90023
2907,89784
2908,90023
2909,89784
2910,90023
2911,89784
2912,90023
2913,89784
2914,90023
2915,89784
2916,90023
2917,89784
2918,90023
2919,89784
2920,90023
2921,89784
2922,90023
2923,89784
2924,90023
2925,89784
2926,90023
2927,89784
2928,90023
2929,89784
2930,90023
2931,89784
2932,90023
2933,89784
2934,90023
2935,89784
2936,90023
2937,89784
2938,90023
2939,89784
2940,90023
2941,89784
2942,90023
2943,89784
2944,90023
2945,89784
2946,90023
2947,89784
2948,90023
2949,89784
2950,90023
2951,89784
2952,90023
2953,89784
2954,90023
2955,89784
2956,90023
2957,89784
2958,90023
2959,89784
2960,90023
2961,89784
2962,90023
2963,89784
2964,90023
2965,89784
2966,90023
2967,89784
2968,90023
2969,89784
2970,90023
2971,89784
2972,90023
2973,89784
2974,90023
2975,89784
2976,90023
2977,89784
2978,90023
2979,89784
2980,90023
2981,89784
2982,90023
2983,89784
2984,90023
2985,89784
2986,90023
2987,89784
2988,90023
2989,89784
2990,90023
2991,89784
2992,90023
2993,89784
2994,90023
2995,89784
2996,90023
2997,89784
2998,90023
2999,89784
3000,90023
3001,89784
3002,90023
3003,89784
3004,90023
3005,89784
3006,90023
3007,89784
3008,90023
3009,89784
3010,90023
3011,89784
3012,90023
3013,89784
3014,90023
3015,89784
3016,90023
3017,89784
3018,90023
3019,89784
3020,90023
3021,89784
3022,90023
3023,89784
3024,90023
3025,89784
3026,90023
3027,89784
3028,90023
3029,89784
3030,90023
3031,89784
3032,90023
3033,89784
3034,90023
3035,89784
3036,90023
3037,89784
3038,90023
3039,89784
3040,90023
3041,89784
3042,90023
3043,89784
3044,90023
3045,89784
3046,90023
3047,89784
3048,90023
3049,89784
3050,90023
3051,89784
3052,90023
3053,89784
3054,90023
3055,89784
3056,90023
3057,89784
3058,90023
3059,89784
3060,90023
3061,89784
3062,90023
3063,89784
3064,90023
3065,89784
3066,90023
3067,89784
3068,90023
3069,89784
3070,90023
3071,89784
3072,90023
3073,89784
3074,90023
3075,89784
3076,90023
3077,89784
3078,90023
3079,89784
3080,90023
3081,89784
3082,90023
3083,89784
3084,90023
3085,89784
3086,90023
3087,89784
3088,90023
3089,89784
3090,90023
3091,89784
3092,90023
3093,89784
3094,90023
3095,89784
3096,90023
3097,89784
3098,90023
3099,89784
3100,90023
3101,89784
3102,90023
3103,89784
3104,90023
3105,89784
3106,90023
3107,89784
3108,90023
3109,89784
3110,90023
3111,89784
3112,90023
3113,89784
3114,90023
3115,89784
3116,90023
3117,89784
3118,90023
3119,89784
3120,90023
3121,89784
3122,90023
3123,89784
3124,90023
3125,89784
3126,90023
3127,89784
3128,90023
3129,89784
3130,90023
3131,89784
3132,90023
3133,89784
3134,90023
3135,89784
3136,90023
3137,89784
3138,90023
3139,89784
3140,90023
3141,89784
3142,90023
3143,89784
3144,90023
3145,89784
3146,90023
3147,89784
3148,90023
3149,89784
3150,90023
3151,89784
3152,90023
3153,89784
3154,90023
3155,89784
3156,90023
3157,89784
3158,90023
3159,89784
3160,90023
3161,89784
3162,90023
3163,89784
3164,90023
3165,89784
3166,90023
3167,89784
3168,90023
3169,89784
3170,90023
3171,89784
3172,90023
3173,89784
3174,90023
3175,89784
3176,90023
3177,89784
3178,90023
3179,89784
3180,90023
3181,89784
3182,90023
3183,89784
3184,90023
3185,89784
3186,90023
3187,89784
3188,90023
3189,89784
3190,90023
3191,89784
3192,90023
3193,89784
3194,90023
3195,89784
3196,90023
3197,89784
3198,90023
3199,89784
3200,90023
3201,89784
3202,90023
3203,89784
3204,90023
3205,89784
3206,90023
3207,89784
3208,90023
3209,89784
3210,90023
3211,89784
3212,90023
3213,89784
3214,90023
3215,89784
3216,90023
3217,89784
3218,90023
3219,89784
3220,90023
3221,89784
3222,90023
3223,89784
3224,90023
3225,89784
3226,90023
3227,89784
3228,90023
3229,89784
3230,90023
3231,89784
3232,90023
3233,89784
3234,90023
3235,89784
3236,90023
3237,89784
3238,90023
3239,89784
3240,90023
3241,89784
3242,90023
3243,89784
3244,90023
3245,89784
3246,90023
3247,89784
3248,90023
3249,89784
3250,90023
3251,89784
3252,90023
3253,89784
3254,90023
3255,89784
3256,90023
3257,89784
3258,90023
3259,89784
3260,90023
3261,89784
3262,90023
3263,89784
3264,90023
3265,89784
3266,90023
3267,89784
3268,90023
3269,89784
3270,90023
3271,89784
3272,90023
3273,89784
3274,90023
3275,89784
3276,90023
3277,89784
3278,90023
3279,89784
3280,90023
3281,89784
3282,90023
3283,89784
3284,90023
3285,89784
3286,90023
3287,89784
3288,90023
3289,89784
3290,90023
3291,89784
3292,90023
3293,89784
3294,90023
3295,89784
3296,90023
3297,89784
3298,90023
3299,89784
3300,90023
3301,89784
3302,90023
3303,89784
3304,90023
3305,89784
3306,90023
3307,89784
3308,90023
3309,89784
3310,90023
3311,89784
3312,90023
3313,89784
3314,90023
3315,89784
3316,90023
3317,89784
3318,90023
3319,89784
3320,90023
3321,89784
3322,90023
3323,89784
3324,90023
3325,89784
3326,90023
3327,89784
3328,90023
3329,89784
3330,90023
3331,89784
3332,90023
3333,89784
3334,90023
3335,89784
3336,90023
3337,89784
3338,90023
3339,89784
3340,90023
3341,89784
3342,90023
3343,89784
3344,90023
3345,89784
3346,90023
3347,89784
3348,90023
3349,89784
3350,90023
3351,89784
3352,90023
3353,89784
3354,90023
3355,89784
3356,90023
3357,89784
3358,90023
3359,89784
3360,90023
3361,89784
3362,90023
3363,89784
3364,90023
3365,89784
3366,90023
3367,89784
3368,90023
3369,89784
3370,90023
3371,89784
3372,90023
3373,89784
3374,90023
3375,89784
3376,90023
3377,89784
3378,90023
3379,89784
3380,90023
3381,89784
3382,90023
3383,89784
3384,90023
3385,89784
3386,90023
3387,89784
3388,90023
3389,89784
3390,90023
3391,89784
3392,90023
3393,89784
3394,90023
3395,89784
3396,90023
3397,89784
3398,90023
3399,89784
3400,90023
3401,89784
3402,90023
3403,89784
3404,90023
3405,89784
3406,90023
3407,89784
3408,90023
3409,89784
3410,90023
3411,89784
3412,90023
3413,89784
3414,90023
3415,89784
3416,90023
3417,89784
3418,90023
3419,89784
3420,90023
3421,89784
3422,90023
3423,89784
3424,90023
3425,89784
3426,90023
3427,89784
3428,90023
3429,89784
3430,90023
3431,89784
3432,90023
3433,89784
3434,90023
3435,89784
3436,90023
3437,89784
3438,90023
3439,89784
3440,90023
3441,89784
3442,90023
3443,89784
3444,90023
3445,89784
3446,90023
3447,89784
3448,90023
3449,89784
3450,90023
3451,89784
3452,90023
3453,89784
3454,90023
3455,89784
3456,90023
3457,89784
3458,90023
3459,89784
3460,90023
3461,89784
3462,90023
3463,89784
3464,90023
3465,89784
3466,90023
3467,89784
3468,90023
3469,89784
3470,90023
3471,89784
3472,90023
3473,89784
3474,90023
3475,89784
3476,90023
3477,89784
3478,90023
3479,89784
3480,90023
3481,89784
3482,90023
3483,89784
3484,90023
3485,89784
3486,90023
3487,89784
3488,90023
3489,89784
3490,90023
3491,89784
3492,90023
3493,89784
3494,90023
3495,89784
3496,90023
3497,89784
3498,90023
3499,89784
3500,90023
3501,89784
3502,90023
3503,89784
3504,90023
3505,89784
3506,90023
3507,89784
3508,90023
3509,89784
3510,90023
3511,89784
3512,90023
3513,89784
3514,90023
3515,89784
3516,90023
3517,89784
3518,90023
3519,89784
3520,90023
3521,89784
3522,90023
3523,89784
3524,90023
3525,89784
3526,90023
3527,89784
3528,90023
3529,89784
3530,90023
3531,89784
3532,90023
3533,89784
3534,90023
3535,89784
3536,90023
3537,89784
3538,90023
3539,89784
3540,90023
3541,89784
3542,90023
3543,89784
3544,90023
3545,89784
3546,90023
3547,89784
3548,90023
3549,89784
3550,90023
3551,89784
3552,90023
3553,89784
3554,90023
3555,89784
3556,90023
3557,89784
3558,90023
3559,89784
3560,90023
3561,89784
3562,90023
3563,89784
3564,90023
3565,89784
3566,90023
3567,89784
3568,90023
3569,89784
3570,90023
3571,89784
3572,90023
3573,89784
3574,90023
3575,89784
3576,90023
3577,89784
3578,90023
3579,89784
3580,90023
3581,89784
3582,90023
3583,89784
3584,90023
3585,89784
3586,90023
3587,89784
3588,90023
3589,89784
3590,90023
3591,89784
3592,90023
3593,89784
3594,90023
3595,89784
3596,90023
3597,89784
3598,90023
3599,89784
3600,90023
3601,89784
3602,90023
3603,89784
3604,90023
3605,89784
3606,90023
3607,89784
3608,90023
3609,89784
3610,90023
3611,89784
3612,90023
3613,89784
3614,90023
3615,89784
3616,90023
3617,89784
3618,90023
3619,89784
3620,90023
3621,89903
3622,90023
3623,89903
3624,90023
3625,89903
3626,90023
3627,89903
3628,90023
3629,89903
3630,90023
3631,89903
3632,90023
3633,89903
3634,90023
3635,89903
3636,90023
3637,89903
3638,90023
3639,89903
3640,90023
3641,89903
3642,90023
3643,89903
3644,90023
3645,89903
3646,90023
3647,89903
3648,90023
3649,89903
3650,90023
3651,89903
3652,90023
3653,89903
3654,90023
3655,89903
3656,90023
3657,89903
3658,90023
3659,89903
3660,90023
3661,89903
3662,90023
3663,89903
3664,90023
3665,90022
3666,90023
3667,90022
3668,90023
3669,90022
3670,90023
3671,90022
3672,90023
3673,90022
3674,90023
3675,90022
3676,90023
3677,90022
3678,90023
3679,90022
3680,90023
3681,90022
3682,90023
3683,90022
3684,90023
3685,90022
3686,90023
3687,90022
3688,90023
3689,90022
3690,90023
3691,90022
3692,90023
3693,90022
3694,90023
3695,90022
3696,90023
3697,90022
3698,90023
3699,90022
3700,90023
3701,90022
3702,90023
3703,90022
3704,90023
3705,90021
3706,90023
3707,90021
3708,90023
3709,90021
3710,90023
3711,90021
3712,90023
3713,90021
3714,90023
3715,90021
3716,90023
3717,90021
3718,90023
3719,90021
3720,90023
3721,90021
3722,90023
3723,90021
3724,90023
3725,90140
3726,90023
3727,90140
3728,90023
3729,90140
3730,90023
3731,90140
3732,90023
3733,90140
3734,90023
3735,90140
3736,90023
3737,90140
3738,90023
3739,90140
3740,90023
3741,90140
3742,90023
3743,90140
3744,90023
3745,90140
3746,90023
3747,90140
3748,90023
3749,90140
3750,90023
3751,90140
3752,90023
3753,90140
3754,90023
3755,90140
3756,90023
3757,90140
3758,90023
3759,90140
3760,90023
3761,90140
3762,90023
3763,90140
3764,90023
3765,90140
3766,90023
3767,90140
3768,90023
3769,90140
3770,90023
3771,90140
3772,90023
3773,90140
3774,90023
3775,90140
3776,90023
3777,90140
3778,90023
3779,90140
3780,90023
3781,90140
3782,90023
3783,90140
3784,90023
3785,90140
3786,90023
3787,90140
3788,90023
3789,90140
3790,90023
3791,90140
3792,90023
3793,90140
3794,90023
3795,90140
3796,90023
3797,90140
3798,90023
3799,90140
3800,90023
3801,90140
3802,90023
3803,90140
3804,90023
3805,90140
3806,90023
3807,90140
3808,90023
3809,90140
3810,90023
3811,90140
3812,90023
3813,90140
3814,90023
3815,90140
3816,90023
3817,90140
3818,90023
3819,90140
3820,90023
3821,90140
3822,90023
3823,90140
3824,90023
3825,90140
3826,90023
3827,90140
3828,90139
3829,90023
3830,90139
3831,90023
3832,90139
3833,90023
3834,90139
3835,90023
3836,90139
3837,90023
3838,90139
3839,90023
3840,90139
3841,90023
3842,90139
3843,90023
3844,90139
3845,90023
3846,90139
3847,90023
3848,90139
3849,90023
3850,90139
3851,90023
3852,90139
3853,90023
3854,90139
3855,90023
3856,90139
3857,90023
3858,90139
3859,90023
3860,90139
3861,90023
3862,90139
3863,90023
3864,90139
3865,90023
3866,90139
3867,90023
3868,90139
3869,90023
3870,90139
3871,90023
3872,90139
3873,90023
3874,90139
3875,90023
3876,90139
3877,90023
3878,90139
3879,90023
3880,90258
3881,90023
3882,90258
3883,90023
3884,90258
3885,90023
3886,90258
3887,90023
3888,90258
3889,90023
3890,90258
3891,90023
3892,90258
3893,90023
3894,90258
3895,90023
3896,90258
3897,90023
3898,90258
3899,90023
3900,90258
3901,90023
3902,90258
3903,90023
3904,90258
3905,90023
3906,90257
3907,90023
3908,90257
3909,90023
3910,90257
3911,90023
3912,90257
3913,90023
3914,90257
3915,90023
3916,90257
3917,90023
3918,90257
3919,90023
3920,90257
3921,90023
3922,90257
3923,90023
3924,90257
3925,90023
3926,90257
3927,90023
3928,90257
3929,90023
3930,90257
3931,90023
3932,90257
3933,90023
3934,90257
3935,90023
3936,90257
3937,90023
3938,90257
3939,90023
3940,90257
3941,90023
3942,90257
3943,90023
3944,90257
3945,90023
3946,90257
3947,90023
3948,90257
3949,90023
3950,90257
3951,90023
3952,90257
3953,90023
3954,90257
3955,90023
3956,90257
3957,90023
3958,90257
3959,90023
3960,90257
3961,90023
3962,90257
3963,90023
3964,90257
3965,90023
3966,90257
3967,90023
3968,90257
3969,90023
3970,90257
3971,90023
3972,90257
3973,90023
3974,90257
3975,90023
3976,90257
3977,90023
3978,90257
3979,90023
3980,90257
3981,90023
3982,90257
3983,90023
3984,90257
3985,90023
3986,90257
3987,90023
3988,90257
3989,90023
3990,90257
3991,90023
3992,90257
3993,90023
3994,90257
3995,90023
3996,90257
3997,90023
3998,90257
3999,90023
4000,90257
4001,90023
4002,90257
4003,90023
4004,90257
4005,90023
4006,90257
4007,90023
4008,90257
4009,90023
4010,90257
4011,90023
4012,90257
4013,90023
4014,90257
4015,90023
4016,90257
4017,90023
4018,90257
4019,90023
4020,90257
4021,90023
4022,90257
4023,90023
4024,90257
4025,90023
4026,90257
4027,90023
4028,90257
4029,90023
4030,90257
4031,90023
4032,90257
4033,90023
4034,90257
4035,90023
4036,90257
4037,90023
4038,90257
4039,90023
4040,90257
4041,90023
4042,90257
4043,90023
4044,90257
4045,90023
4046,90257
4047,90023
4048,90257
4049,90023
4050,90257
4051,90023
4052,90257
4053,90023
4054,90257
4055,90023
4056,90257
4057,90023
4058,90257
4059,90023
4060,90257
4061,90023
4062,90257
4063,90023
4064,90257
4065,90023
4066,90257
4067,90023
4068,90257
4069,90023
4070,90257
4071,90023
4072,90257
4073,90023
4074,90257
4075,90023
4076,90257
4077,90023
4078,90257
4079,90023
4080,90257
4081,90023
4082,90257
4083,90023
4084,90257
4085,90023
4086,90257
4087,90023
4088,90257
4089,90023
4090,90257
4091,90023
4092,90257
4093,90023
4094,90257
4095,90023
4096,90257
4097,90023
4098,90257
4099,90023
4100,90257
4101,90023
4102,90257
4103,90023
4104,90257
4105,90023
4106,90257
4107,90023
4108,90257
4109,90023
4110,90257
4111,90023
4112,90257
4113,90023
4114,90257
4115,90023
4116,90257
4117,90023
4118,90257
4119,90023
4120,90257
4121,90023
4122,90257
4123,90023
4124,90257
4125,90023
4126,90257
4127,90023
4128,90257
4129,90023
4130,90257
4131,90023
4132,90257
4133,90023
4134,90257
4135,90023
4136,90257
4137,90023
4138,90257
4139,90023
4140,90257
4141,90023
4142,90257
4143,90023
4144,90257
4145,90023
4146,90257
4147,90023
4148,90257
4149,90023
4150,90257
4151,90023
4152,90257
4153,90023
4154,90257
4155,90023
4156,90257
4157,90023
4158,90257
4159,90023
4160,90257
4161,90023
4162,90257
4163,90023
4164,90257
4165,90023
4166,90257
4167,90023
4168,90257
4169,90023
4170,90257
4171,90023
4172,90257
4173,90023
4174,90257
4175,90023
4176,90257
4177,90023
4178,90257
4179,90023
4180,90257
4181,90023
4182,90257
4183,90023
4184,90257
4185,90023
4186,90257
4187,90023
4188,90257
4189,90023
4190,90257
4191,90023
4192,90257
4193,90023
4194,90257
4195,90023
4196,90257
4197,90023
4198,90257
4199,90023
4200,90257
4201,90023
4202,90257
4203,90023
4204,90257
4205,90023
4206,90257
4207,90023
4208,90257
4209,90023
4210,90257
4211,90023
4212,90257
4213,90023
4214,90257
4215,90023
4216,90257
4217,90023
4218,90257
4219,90023
4220,90257
4221,90023
4222,90257
4223,90023
4224,90257
4225,90023
4226,90257
4227,90023
4228,90257
4229,90023
4230,90257
4231,90023
4232,90257
4233,90023
4234,90257
4235,90023
4236,90257
4237,90023
4238,90257
4239,90023
4240,90257
4241,90023
4242,90257
4243,90023
4244,90257
4245,90023
4246,90257
4247,90023
4248,90257
4249,90023
4250,90257
4251,90023
4252,90257
4253,90023
4254,90257
4255,90023
4256,90257
4257,90023
4258,90257
4259,90023
4260,90257
4261,90023
4262,90257
4263,90023
4264,90257
4265,90023
4266,90257
4267,90023
4268,90257
4269,90023
4270,90257
4271,90023
4272,90257
4273,90023
4274,90257
4275,90023
4276,90257
4277,90023
4278,90257
4279,90023
4280,90257
4281,90023
4282,90257
4283,90023
4284,90257
4285,90023
4286,90257
4287,90023
4288,90257
4289,90023
4290,90257
4291,90023
4292,90257
4293,90023
4294,90257
4295,90023
4296,90257
4297,90023
4298,90257
4299,90023
4300,90257
4301,90023
4302,90257
4303,90023
4304,90257
4305,90023
4306,90257
4307,90023
4308,90257
4309,90023
4310,90257
4311,90023
4312,90257
4313,90023
4314,90257
4315,90023
4316,90257
4317,90023
4318,90257
4319,90023
4320,90257
4321,90023
4322,90257
4323,90023
4324,90257
4325,90023
4326,90257
4327,90023
4328,90257
4329,90023
4330,90257
4331,90023
4332,90257
4333,90023
4334,90257
4335,90023
4336,90257
4337,90023
4338,90257
4339,90023
4340,90257
4341,90023
4342,90257
4343,90023
4344,90257
4345,90023
4346,90257
4347,90023
4348,90257
4349,90023
4350,90257
4351,90023
4352,90257
4353,90023
4354,90257
4355,90023
4356,90257
4357,90023
4358,90257
4359,90023
4360,90257
4361,90023
4362,90257
4363,90023
4364,90257
4365,90023
4366,90257
4367,90023
4368,90257
4369,90023
4370,90257
4371,90023
4372,90257
4373,90023
4374,90257
4375,90023
4376,90257
4377,90023
4378,90257
4379,90023
4380,90257
4381,90023
4382,90257
4383,90023
4384,90257
4385,90023
4386,90257
4387,90023
4388,90257
4389,90023
4390,90257
4391,90023
4392,90257
4393,90023
4394,90257
4395,90023
4396,90257
4397,90023
4398,90257
4399,90023
4400,90257
4401,90023
4402,90257
4403,90023
4404,90257
4405,90023
4406,90257
4407,90023
4408,90257
4409,90023
4410,90257
4411,90023
4412,90257
4413,90023
4414,90257
4415,90023
4416,90257
4417,90023
4418,90257
4419,90023
4420,90257
4421,90023
4422,90257
4423,90023
4424,90257
4425,90023
4426,90257
4427,90023
4428,90257
4429,90023
4430,90257
4431,90023
4432,90257
4433,90023
4434,90257
4435,90023
4436,90257
4437,90023
4438,90257
4439,90023
4440,90257
4441,90023
4442,90257
4443,90023
4444,90257
4445,90023
4446,90257
4447,90023
4448,90257
4449,90023
4450,90257
4451,90023
4452,90257
4453,90023
4454,90257
4455,90023
4456,90257
4457,90023
4458,90257
4459,90023
4460,90257
4461,90023
4462,90257
4463,90023
4464,90257
4465,90023
4466,90257
4467,90023
4468,90257
4469,90023
4470,90257
4471,90023
4472,90257
4473,90023
4474,90257
4475,90023
4476,90257
4477,90023
4478,90257
4479,90023
4480,90257
4481,90023
4482,90257
4483,90023
4484,90257
4485,90023
4486,90257
4487,90023
4488,90257
4489,90023
4490,90257
4491,90023
4492,90257
4493,90023
4494,90257
4495,90023
4496,90257
4497,90023
4498,90257
4499,90023
4500,90257
4501,90023
4502,90257
4503,90023
4504,90257
4505,90023
4506,90257
4507,90023
4508,90257
4509,90023
4510,90257
4511,90023
4512,90257
4513,90023
4514,90257
4515,90023
4516,90257
4517,90023
4518,90257
4519,90023
4520,90257
4521,90023
4522,90257
4523,90023
4524,90257
4525,90023
4526,90257
4527,90023
4528,90257
4529,90023
4530,90257
4531,90023
4532,90257
4533,90023
4534,90257
4535,90023
4536,90257
4537,90023
4538,90257
4539,90023
4540,90257
4541,90023
4542,90257
4543,90023
4544,90257
4545,90023
4546,90257
4547,90023
4548,90257
4549,90023
4550,90257
4551,90023
4552,90257
4553,90023
4554,90257
4555,90023
4556,90257
4557,90023
4558,90257
4559,90023
4560,90257
4561,90023
4562,90257
4563,90023
4564,90257
4565,90023
4566,90257
4567,90023
4568,90257
4569,90023
4570,90257
4571,90023
4572,90257
4573,90023
4574,90257
4575,90023
4576,90257
4577,90023
4578,90257
4579,90023
4580,90257
4581,90023
4582,90257
4583,90023
4584,90257
4585,90023
4586,90257
4587,90023
4588,90257
4589,90023
4590,90257
4591,90023
4592,90257
4593,90023
4594,90257
4595,90023
4596,90257
4597,90023
4598,90257
4599,90023
4600,90257
4601,90023
4602,90257
4603,90023
4604,90257
4605,90023
4606,90257
4607,90023
4608,90257
4609,90023
4610,90257
4611,90023
4612,90257
4613,90023
4614,90257
4615,90023
4616,90257
4617,90023
4618,90257
4619,90023
4620,90257
4621,90023
4622,90257
4623,90023
4624,90257
4625,90023
4626,90257
4627,90023
4628,90257
4629,90023
4630,90257
4631,90023
4632,90257
4633,90023
4634,90257
4635,90023
4636,90257
4637,90023
4638,90257
4639,90023
4640,90257
4641,90023
4642,90257
4643,90023
4644,90257
4645,90023
4646,90257
4647,90023
4648,90257
4649,90023
4650,90257
4651,90023
4652,90257
4653,90023
4654,90257
4655,90023
4656,90257
4657,90023
4658,90257
4659,90023
4660,90257
4661,90023
4662,90257
4663,90023
4664,90257
4665,90023
4666,90257
4667,90023
4668,90257
4669,90023
4670,90257
4671,90023
4672,90257
4673,90023
4674,90257
4675,90023
4676,90257
4677,90023
4678,90257
4679,90023
4680,90257
4681,90023
4682,90257
4683,90023
4684,90257
4685,90023
4686,90257
4687,90023
4688,90257
4689,90023
4690,90257
4691,90023
4692,90257
4693,90023
4694,90257
4695,90023
4696,90257
4697,90023
4698,90257
4699,90023
4700,90257
4701,90023
4702,90257
4703,90023
4704,90257
4705,90023
4706,90257
4707,90023
4708,90257
4709,90023
4710,90257
4711,90023
4712,90257
4713,90023
4714,90257
4715,90023
4716,90257
4717,90023
4718,90257
4719,90023
4720,90257
4721,90023
4722,90257
4723,90023
4724,90257
4725,90023
4726,90257
4727,90023
4728,90257
4729,90023
4730,90257
4731,90023
4732,90257
4733,90023
4734,90257
4735,90023
4736,90257
4737,90023
4738,90257
4739,90023
4740,90257
4741,90023
4742,90257
4743,90023
4744,90257
4745,90023
4746,90257
4747,90023
4748,90257
4749,90023
4750,90257
4751,90023
4752,90257
4753,90023
4754,90257
4755,90023
4756,90257
4757,90023
4758,90257
4759,90023
4760,90257
4761,90023
4762,90257
4763,90023
4764,90257
4765,90023
4766,90257
4767,90023
4768,90257
4769,90023
4770,90257
4771,90023
4772,90257
4773,90023
4774,90257
4775,90023
4776,90257
4777,90023
4778,90257
4779,90023
4780,90257
4781,90023
4782,90257
4783,90023
4784,90257
4785,90023
4786,90257
4787,90023
4788,90257
4789,90023
4790,90257
4791,90023
4792,90257
4793,90023
4794,90257
4795,90023
4796,90257
4797,90023
4798,90257
4799,90023
4800,90257
4801,90023
4802,90257
4803,90023
4804,90257
4805,90023
4806,90257
4807,90023
4808,90257
4809,90023
4810,90257
4811,90023
4812,90257
4813,90023
4814,90257
4815,90023
4816,90257
4817,90023
4818,90257
4819,90023
4820,90257
4821,90023
4822,90257
4823,90023
4824,90257
4825,90023
4826,90257
4827,90023
4828,90257
4829,90023
4830,90257
4831,90023
4832,90257
4833,90023
4834,90257
4835,90023
4836,90257
4837,90023
4838,90257
4839,90023
4840,90257
4841,90023
4842,90257
4843,90023
4844,90257
4845,90023
4846,90257
4847,90023
4848,90257
4849,90023
4850,90257
4851,90023
4852,90257
4853,90023
4854,90257
4855,90023
4856,90257
4857,90023
4858,90257
4859,90023
4860,90257
4861,90023
4862,90257
4863,90023
4864,90257
4865,90023
4866,90257
4867,90023
4868,90257
4869,90023
4870,90257
4871,90023
4872,90257
4873,90023
4874,90257
4875,90023
4876,90257
4877,90023
4878,90257
4879,90023
4880,90257
4881,90023
4882,90257
4883,90023
4884,90257
4885,90023
4886,90257
4887,90023
4888,90257
4889,90023
4890,90257
4891,90023
4892,90257
4893,90023
4894,90257
4895,90023
4896,90257
4897,90023
4898,90257
4899,90023
4900,90257
4901,90023
4902,90257
4903,90023
4904,90257
4905,90023
4906,90257
4907,90023
4908,90257
4909,90023
4910,90257
4911,90023
4912,90257
4913,90023
4914,90257
4915,90023
4916,90257
4917,90023
4918,90257
4919,90023
4920,90257
4921,90023
4922,90257
4923,90023
4924,90257
4925,90023
4926,90257
4927,90023
4928,90257
4929,90023
4930,90257
4931,90023
4932,90257
4933,90023
4934,90257
4935,90023
4936,90257
4937,90023
4938,90257
4939,90023
4940,90256
4941,90023
4942,90256
4943,90023
4944,90256
4945,90023
4946,90256
4947,90023
4948,90256
4949,90023
4950,90256
4951,90023
4952,90256
4953,90023
4954,90256
4955,90023
4956,90256
4957,90023
4958,90256
4959,90023
4960,90256
4961,90023
4962,90256
4963,90023
4964,90256
4965,90023
4966,90256
4967,90023
4968,90256
4969,90023
4970,90256
4971,90023
4972,90256
4973,90023
4974,90256
4975,90023
4976,90256
4977,90023
4978,90256
4979,90023
4980,90256
4981,90023
4982,90256
4983,90023
4984,90256
4985,90023
4986,90256
4987,90023
4988,90256
4989,90023
4990,90256
4991,90023
4992,90256
4993,90023
4994,90256
4995,90023
4996,90256
4997,90023
4998,90256
4999,90023
5000,90256
5001,90023
5002,90256
5003,90023
5004,90256
5005,90023
5006,90256
5007,90023
5008,90256
5009,90023
5010,90256
5011,90023
5012,90256
5013,90023
5014,90256
5015,90023
5016,90256
5017,90023
5018,90256
5019,90023
5020,90256
5021,90023
5022,90256
5023,90023
5024,90256
5025,90023
5026,90256
5027,90023
5028,90256
5029,90023
5030,90256
5031,90023
5032,90256
5033,90023
5034,90256
5035,90023
5036,90256
5037,90023
5038,90256
5039,90023
5040,90256
5041,90023
5042,90256
5043,90023
5044,90256
5045,90023
5046,90256
5047,90023
5048,90256
5049,90023
5050,90256
5051,90023
5052,90256
5053,90023
5054,90256
5055,90023
5056,90256
5057,90023
5058,90256
5059,90023
5060,90256
5061,90023
5062,90256
5063,90023
5064,90256
5065,90023
5066,90256
5067,90023
5068,90256
5069,90023
5070,90256
5071,90023
5072,90256
5073,90023
5074,90256
5075,90023
5076,90256
5077,90023
5078,90256
5079,90023
5080,90256
5081,90023
5082,90256
5083,90023
5084,90256
5085,90023
5086,90256
5087,90023
5088,90256
5089,90023
5090,90256
5091,90023
5092,90256
5093,90023
5094,90256
5095,90023
5096,90256
5097,90023
5098,90256
5099,90023
5100,90256
5101,90023
5102,90256
5103,90023
5104,90256
5105,90023
5106,90256
5107,90023
5108,90256
5109,90023
5110,90256
5111,90023
5112,90256
5113,90023
5114,90256
5115,90023
5116,90256
5117,90023
5118,90256
5119,90023
5120,90256
5121,90023
5122,90256
5123,90023
5124,90256
5125,90023
5126,90256
5127,90023
5128,90256
5129,90023
5130,90256
5131,90023
5132,90256
5133,90023
5134,90256
5135,90023
5136,90256
5137,90023
5138,90256
5139,90023
5140,90256
5141,90023
5142,90256
5143,90023
5144,90256
5145,90023
5146,90256
5147,90023
5148,90256
5149,90023
5150,90256
5151,90023
5152,90256
5153,90023
5154,90256
5155,90023
5156,90256
5157,90023
5158,90256
5159,90023
5160,90256
5161,90023
5162,90256
5163,90023
5164,90256
5165,90023
5166,90256
5167,90023
5168,90256
5169,90023
5170,90256
5171,90023
5172,90256
5173,90023
5174,90256
5175,90023
5176,90256
5177,90023
5178,90256
5179,90023
5180,90256
5181,90023
5182,90256
5183,90023
5184,90256
5185,90023
5186,90256
5187,90023
5188,90256
5189,90023
5190,90256
5191,90023
5192,90256
5193,90023
5194,90256
5195,90023
5196,90256
5197,90023
5198,90256
5199,90023
5200,90256
5201,90023
5202,90256
5203,90023
5204,90256
5205,90023
5206,90256
5207,90023
5208,90256
5209,90023
5210,90256
5211,90023
5212,90256
5213,90023
5214,90256
5215,90023
5216,90256
5217,90023
5218,90256
5219,90023
5220,90256
5221,90023
5222,90256
5223,90023
5224,90256
5225,90023
5226,90256
5227,90023
5228,90256
5229,90023
5230,90256
5231,90023
5232,90256
5233,90023
5234,90256
5235,90023
5236,90256
5237,90023
5238,90256
5239,90023
5240,90256
5241,90023
5242,90256
5243,90023
5244,90256
5245,90023
5246,90256
5247,90023
5248,90256
5249,90023
5250,90256
5251,90023
5252,90256
5253,90023
5254,90256
5255,90023
5256,90256
5257,90023
5258,90256
5259,90023
5260,90256
5261,90023
5262,90256
5263,90023
5264,90256
5265,90023
5266,90256
5267,90023
5268,90256
5269,90023
5270,90256
5271,90023
5272,90256
5273,90023
5274,90256
5275,90023
5276,90256
5277,90023
5278,90256
5279,90023
5280,90256
5281,90023
5282,90256
5283,90023
5284,90256
5285,90023
5286,90256
5287,90023
5288,90256
5289,90023
5290,90256
5291,90023
5292,90256
5293,90023
5294,90256
5295,90023
5296,90256
5297,90023
5298,90256
5299,90023
5300,90256
5301,90023
5302,90256
5303,90023
5304,90256
5305,90023
5306,90256
5307,90023
5308,90256
5309,90023
5310,90256
5311,90023
5312,90256
5313,90023
5314,90256
5315,90023
5316,90256
5317,90023
5318,90256
5319,90023
5320,90256
5321,90023
5322,90375
5323,90023
5324,90375
5325,90023
5326,90375
5327,90023
5328,90375
5329,90023
5330,90375
5331,90023
5332,90375
5333,90023
5334,90375
5335,90023
5336,90375
5337,90023
5338,90375
5339,90023
5340,90375
5341,90023
5342,90375
5343,90023
5344,90375
5345,90023
5346,90375
5347,90023
5348,90375
5349,90023
5350,90375
5351,90023
5352,90375
5353,90023
5354,90375
5355,90023
5356,90375
5357,90023
5358,90375
5359,90023
5360,90375
5361,90023
5362,90375
5363,90023
5364,90375
5365,90023
5366,90375
5367,90023
5368,90375
5369,90023
5370,90375
5371,90023
5372,90375
5373,90023
5374,90375
5375,90023
5376,90375
5377,90023
5378,90375
5379,90023
5380,90375
5381,90023
5382,90375
5383,90023
5384,90375
5385,90023
5386,90375
5387,90023
5388,90375
5389,90023
5390,90375
5391,90023
5392,90375
5393,90023
5394,90375
5395,90023
5396,90375
5397,90023
5398,90375
5399,90023
5400,90375
5401,90023
5402,90375
5403,90023
5404,90375
5405,90023
5406,90375
5407,90023
5408,90375
5409,90023
5410,90375
5411,90023
5412,90375
5413,90023
5414,90375
5415,90023
5416,90375
5417,90023
5418,90375
5419,90023
5420,90375
5421,90023
5422,90375
5423,90023
5424,90375
5425,90023
5426,90375
5427,90023
5428,90375
5429,90023
5430,90375
5431,90023
5432,90375
5433,90023
5434,90375
5435,90023
5436,90375
5437,90023
5438,90375
5439,90023
5440,90375
5441,90023
5442,90375
5443,90023
5444,90375
5445,90023
5446,90375
5447,90023
5448,90375
5449,90023
5450,90375
5451,90023
5452,90375
5453,90023
5454,90375
5455,90023
5456,90375
5457,90023
5458,90375
5459,90023
5460,90375
5461,90023
5462,90375
5463,90023
5464,90375
5465,90023
5466,90375
5467,90023
5468,90375
5469,90023
5470,90375
5471,90023
5472,90375
5473,90023
5474,90375
5475,90023
5476,90375
5477,90023
5478,90375
5479,90023
5480,90375
5481,90023
5482,90375
5483,90023
5484,90375
5485,90023
5486,90375
5487,90023
5488,90256
5489,90023
5490,90256
5491,90023
5492,90256
5493,90023
5494,90256
5495,90023
5496,90256
5497,90023
5498,90256
5499,90023
5500,90256
5501,90023
5502,90256
5503,90023
5504,90256
5505,90023
5506,90256
5507,90023
5508,90256
5509,90023
5510,90256
5511,90023
5512,90256
5513,90023
5514,90256
5515,90023
5516,90256
5517,90023
5518,90256
5519,90023
5520,90256
5521,90023
5522,90256
5523,90023
5524,90256
5525,90023
5526,90256
5527,90023
5528,90256
5529,90023
5530,90256
5531,90023
5532,90256
5533,90023
5534,90256
5535,90023
5536,90256
5537,90023
5538,90256
5539,90023
5540,90256
5541,90023
5542,90256
5543,90023
5544,90256
5545,90023
5546,90256
5547,90023
5548,90256
5549,90023
5550,90256
5551,90023
5552,90256
5553,90023
5554,90256
5555,90023
5556,90256
5557,90023
5558,90256
5559,90023
5560,90256
5561,90023
5562,90256
5563,90023
5564,90256
5565,90023
5566,90256
5567,90023
5568,90256
5569,90023
5570,90256
5571,90023
5572,90256
5573,90023
5574,90256
5575,90023
5576,90256
5577,90023
5578,90256
5579,90023
5580,90256
5581,90023
5582,90256
5583,90023
5584,90256
5585,90023
5586,90256
5587,90023
5588,90256
5589,90023
5590,90256
5591,90023
5592,90256
5593,90023
5594,90256
5595,90023
5596,90256
5597,90023
5598,90256
5599,90023
5600,90256
5601,90023
5602,90256
5603,90023
5604,90256
5605,90023
5606,90256
5607,90023
5608,90256
5609,90023
5610,90256
5611,90023
5612,90256
5613,90023
5614,90256
5615,90023
5616,90256
5617,90023
5618,90256
5619,90023
5620,90256
5621,90023
5622,90256
5623,90023
5624,90256
5625,90023
5626,90256
5627,90023
5628,90256
5629,90023
5630,90256
5631,90023
5632,90256
5633,90023
5634,90256
5635,90023
5636,90256
5637,90023
5638,90256
5639,90023
5640,90256
5641,90023
5642,90256
5643,90023
5644,90256
5645,90023
5646,90256
5647,90023
5648,90256
5649,90023
5650,90256
5651,90023
5652,90256
5653,90023
5654,90256
5655,90023
5656,90256
5657,90023
5658,90256
5659,90023
5660,90256
5661,90023
5662,90256
5663,90023
5664,90256
5665,90023
5666,90256
5667,90023
5668,90256
5669,90023
5670,90256
5671,90023
5672,90256
5673,90023
5674,90256
5675,90023
5676,90256
5677,90023
5678,90256
5679,90023
5680,90256
5681,90023
5682,90256
5683,90023
5684,90256
5685,90023
5686,90256
5687,90023
5688,90256
5689,90023
5690,90256
5691,90023
5692,90256
5693,90023
5694,90256
5695,90023
5696,90256
5697,90023
5698,90256
5699,90023
5700,90256
5701,90023
5702,90256
5703,90023
5704,90256
5705,90023
5706,90256
5707,90023
5708,90256
5709,90023
5710,90256
5711,90023
5712,90256
5713,90023
5714,90256
5715,90023
5716,90256
5717,90023
5718,90257
5719,90023
5720,90257
5721,90023
5722,90257
5723,90023
5724,90257
5725,90023
5726,90257
5727,90023
5728,90257
5729,90023
5730,90257
5731,90023
5732,90257
5733,90023
5734,90257
5735,90023
5736,90257
5737,90023
5738,90257
5739,90023
5740,90257
5741,90023
5742,90257
5743,90023
5744,90257
5745,90023
5746,90257
5747,90023
5748,90257
5749,90023
5750,90257
5751,90023
5752,90257
5753,90023
5754,90257
5755,90023
5756,90257
5757,90023
5758,90257
5759,90023
5760,90257
5761,90023
5762,90257
5763,90023
5764,90257
5765,90023
5766,90257
5767,90023
5768,90257
5769,90023
5770,90257
5771,90023
5772,90257
5773,90023
5774,90257
5775,90023
5776,90257
5777,90023
5778,90257
5779,90023
5780,90257
5781,90023
5782,90257
5783,90023
5784,90257
5785,90023
5786,90257
5787,90023
5788,90257
5789,90023
5790,90257
5791,90023
5792,90257
5793,90023
5794,90257
5795,90023
5796,90257
5797,90023
5798,90257
5799,90023
5800,90257
5801,90023
5802,90257
5803,90023
5804,90257
5805,90023
5806,90257
5807,90023
5808,90257
5809,90023
5810,90257
5811,90023
5812,90257
5813,90023
5814,90257
5815,90023
5816,90257
5817,90023
5818,90257
5819,90023
5820,90257
5821,90023
5822,90257
5823,90023
5824,90257
5825,90023
5826,90257
5827,90023
5828,90257
5829,90023
5830,90257
5831,90023
5832,90257
5833,90023
5834,90257
5835,90023
5836,90257
5837,90023
5838,90257
5839,90023
5840,90257
5841,90023
5842,90257
5843,90023
5844,90257
5845,90023
5846,90257
5847,90023
5848,90257
5849,90023
5850,90257
5851,90023
5852,90257
5853,90023
5854,90257
5855,90023
5856,90257
5857,90023
5858,90257
5859,90023
5860,90257
5861,90023
5862,90257
5863,90023
5864,90257
5865,90023
5866,90257
5867,90023
5868,90257
5869,90023
5870,90257
5871,90023
5872,90257
5873,90023
5874,90257
5875,90023
5876,90257
5877,90023
5878,90257
5879,90023
5880,90257
5881,90023
5882,90257
5883,90023
5884,90257
5885,90023
5886,90257
5887,90023
5888,90257
5889,90023
5890,90257
5891,90023
5892,90257
5893,90023
5894,90257
5895,90023
5896,90257
5897,90023
5898,90257
5899,90023
5900,90257
5901,90023
5902,90257
5903,90023
5904,90257
5905,90023
5906,90257
5907,90023
5908,90257
5909,90023
5910,90257
5911,90023
5912,90257
5913,90023
5914,90257
5915,90023
5916,90257
5917,90023
5918,90257
5919,90023
5920,90257
5921,90023
5922,90257
5923,90023
5924,90257
5925,90023
5926,90257
5927,90023
5928,90257
5929,90023
5930,90257
5931,90023
5932,90257
5933,90023
5934,90257
5935,90023
5936,90257
5937,90023
5938,90257
5939,90023
5940,90257
5941,90023
5942,90257
5943,90023
5944,90257
5945,90023
5946,90257
5947,90023
5948,90257
5949,90023
5950,90257
5951,90023
5952,90257
5953,90023
5954,90257
5955,90023
5956,90257
5957,90023
5958,90257
5959,90023
5960,90257
5961,90023
5962,90257
5963,90023
5964,90257
5965,90023
5966,90257
5967,90023
5968,90257
5969,90023
5970,90257
5971,90023
5972,90257
5973,90023
5974,90257
5975,90023
5976,90257
5977,90023
5978,90257
5979,90023
5980,90257
5981,90023
5982,90257
5983,90023
5984,90257
5985,90023
5986,90257
5987,90023
5988,90257
5989,90023
5990,90257
5991,90023
5992,90257
5993,90023
5994,90257
5995,90023
5996,90257
5997,90023
5998,90257
5999,90023
6000,90257
6001,90023
6002,90257
6003,90023
6004,90257
6005,90023
6006,90257
6007,90023
6008,90257
6009,90023
6010,90257
6011,90023
6012,90257
6013,90023
6014,90257
6015,90023
6016,90257
6017,90023
6018,90257
6019,90023
6020,90257
6021,90023
6022,90257
6023,90023
6024,90257
6025,90023
6026,90257
6027,90023
6028,90257
6029,90023
6030,90257
6031,90023
6032,90257
6033,90023
6034,90257
6035,90023
6036,90257
6037,90023
6038,90257
6039,90023
6040,90257
6041,90023
6042,90257
6043,90023
6044,90257
6045,90023
6046,90257
6047,90023
6048,90257
6049,90023
6050,90257
6051,90023
6052,90257
6053,90023
6054,90257
6055,90023
6056,90257
6057,90023
6058,90257
6059,90023
6060,90257
6061,90023
6062,90257
6063,90023
6064,90257
6065,90023
6066,90257
6067,90023
6068,90257
6069,90023
6070,90257
6071,90023
6072,90257
6073,90023
6074,90257
6075,90023
6076,90257
6077,90023
6078,90257
6079,90023
6080,90257
6081,90023
6082,90257
6083,90023
6084,90257
6085,90023
6086,90257
6087,90023
6088,90257
6089,90023
6090,90257
6091,90023
6092,90257
6093,90023
6094,90257
6095,90023
6096,90257
6097,90023
6098,90257
6099,90023
6100,90257
6101,90023
6102,90257
6103,90023
6104,90257
6105,90023
6106,90257
6107,90023
6108,90257
6109,90023
6110,90257
6111,90023
6112,90257
6113,90023
6114,90257
6115,90023
6116,90257
6117,90023
6118,90257
6119,90023
6120,90257
6121,90023
6122,90257
6123,90023
6124,90257
6125,90023
6126,90257
6127,90023
6128,90257
6129,90023
6130,90257
6131,90023
6132,90257
6133,90023
6134,90257
6135,90023
6136,90257
6137,90023
6138,90257
6139,90023
6140,90257
6141,90023
6142,90257
6143,90023
6144,90257
6145,90023
6146,90257
6147,90023
6148,90257
6149,90023
6150,90257
6151,90023
6152,90257
6153,90023
6154,90257
6155,90023
6156,90257
6157,90023
6158,90257
6159,90023
6160,90257
6161,90023
6162,90257
6163,90023
6164,90257
6165,90023
6166,90257
6167,90023
6168,90257
6169,90023
6170,90257
6171,90023
6172,90257
6173,90023
6174,90257
6175,90023
6176,90257
6177,90023
6178,90257
6179,90023
6180,90257
6181,90023
6182,90257
6183,90023
6184,90257
6185,90023
6186,90257
6187,90023
6188,90257
6189,90023
6190,90257
6191,90023
6192,90257
6193,90023
6194,90257
6195,90023
6196,90257
6197,90023
6198,90257
6199,90023
6200,90257
6201,90023
6202,90257
6203,90023
6204,90257
6205,90023
6206,90257
6207,90023
6208,90257
6209,90023
6210,90257
6211,90023
6212,90257
6213,90023
6214,90257
6215,90023
6216,90257
6217,90023
6218,90257
6219,90023
6220,90257
6221,90023
6222,90257
6223,90023
6224,90257
6225,90023
6226,90257
6227,90023
6228,90257
6229,90023
6230,90257
6231,90023
6232,90257
6233,90023
6234,90257
6235,90023
6236,90257
6237,90023
6238,90257
6239,90023
6240,90257
6241,90023
6242,90257
6243,90023
6244,90257
6245,90023
6246,90257
6247,90023
6248,90257
6249,90023
6250,90257
6251,90023
6252,90257
6253,90023
6254,90257
6255,90023
6256,90257
6257,90023
6258,90257
6259,90023
6260,90257
6261,90023
6262,90257
6263,90023
6264,90257
6265,90023
6266,90257
6267,90023
6268,90257
6269,90023
6270,90257
6271,90023
6272,90257
6273,90023
6274,90257
6275,90023
6276,90257
6277,90023
6278,90257
6279,90023
6280,90257
6281,90023
6282,90257
6283,90023
6284,90257
6285,90023
6286,90257
6287,90023
6288,90257
6289,90023
6290,90257
6291,90023
6292,90257
6293,90023
6294,90257
6295,90023
6296,90257
6297,90023
6298,90257
6299,90023
6300,90257
6301,90023
6302,90257
6303,90023
6304,90257
6305,90023
6306,90257
6307,90023
6308,90257
6309,90023
6310,90257
6311,90023
6312,90257
6313,90023
6314,90257
6315,90023
6316,90257
6317,90023
6318,90257
6319,90023
6320,90257
6321,90023
6322,90257
6323,90023
6324,90257
6325,90023
6326,90257
6327,90023
6328,90257
6329,90023
6330,90257
6331,90023
6332,90257
6333,90023
6334,90257
6335,90023
6336,90257
6337,90023
6338,90257
6339,90023
6340,90257
6341,90023
6342,90257
6343,90023
6344,90257
6345,90023
6346,90257
6347,90023
6348,90257
6349,90023
6350,90257
6351,90023
6352,90257
6353,90023
6354,90257
6355,90023
6356,90257
6357,90023
6358,90257
6359,90023
6360,90257
6361,90023
6362,90257
6363,90023
6364,90257
6365,90023
6366,90257
6367,90023
6368,90257
6369,90023
6370,90257
6371,90023
6372,90257
6373,90023
6374,90257
6375,90023
6376,90257
6377,90023
6378,90257
6379,90023
6380,90257
6381,90023
6382,90257
6383,90023
6384,90257
6385,90023
6386,90257
6387,90023
6388,90257
6389,90023
6390,90257
6391,90023
6392,90257
6393,90023
6394,90257
6395,90023
6396,90257
6397,90023
6398,90257
6399,90023
6400,90257
6401,90023
6402,90257
6403,90023
6404,90257
6405,90023
6406,90257
6407,90023
6408,90257
6409,90023
6410,90257
6411,90023
6412,90257
6413,90023
6414,90257
6415,90023
6416,90257
6417,90023
6418,90257
6419,90023
6420,90257
6421,90023
6422,90257
6423,90023
6424,90257
6425,90023
6426,90257
6427,90023
6428,90257
6429,90023
6430,90257
6431,90023
6432,90257
6433,90023
6434,90257
6435,90023
6436,90257
6437,90023
6438,90257
6439,90023
6440,90257
6441,90023
6442,90257
6443,90023
6444,90257
6445,90023
6446,90257
6447,90023
6448,90257
6449,90023
6450,90257
6451,90023
6452,90257
6453,90023
6454,90257
6455,90023
6456,90257
6457,90023
6458,90257
6459,90023
6460,90257
6461,90023
6462,90257
6463,90023
6464,90257
6465,90023
6466,90257
6467,90023
6468,90257
6469,90023
6470,90257
6471,90023
6472,90257
6473,90023
6474,90257
6475,90023
6476,90257
6477,90023
6478,90257
6479,90023
6480,90257
6481,90023
6482,90257
6483,90023
6484,90257
6485,90023
6486,90257
6487,90023
6488,90257
6489,90023
6490,90257
6491,90023
6492,90257
6493,90023
6494,90257
6495,90023
6496,90257
6497,90023
6498,90257
6499,90023
6500,90257
6501,90023
6502,90257
6503,90023
6504,90257
6505,90023
6506,90257
6507,90023
6508,90257
6509,90023
6510,90257
6511,90023
6512,90257
6513,90256
6514,90257
6515,90023
6516,90257
6517,90023
6518,90257
6519,90023
6520,90257
6521,90023
6522,90257
6523,90023
6524,90257
6525,90023
6526,90257
6527,90023
6528,90257
6529,90023
6530,90257
6531,90024
6532,90257
6533,90023
6534,90257
6535,90023
6536,90257
6537,90256
6538,90023
6539,90256
6540,90023
6541,90256
6542,90023
6543,90256
6544,90023
6545,90256
6546,90023
6547,90256
6548,90023
6549,90256
6550,90023
6551,90256
6552,90023
6553,90256
6554,90023
6555,90256
6556,90023
6557,90256
6558,90023
6559,90256
6560,90023
6561,90256
6562,90023
6563,90256
6564,90023
6565,90256
6566,90023
6567,90256
6568,90023
6569,90256
6570,90023
6571,90256
6572,90023
6573,90257
6574,90023
6575,90257
6576,90023
6577,90257
6578,90023
6579,90257
6580,90023
6581,90257
6582,90023
6583,90257
6584,90023
6585,90257
6586,90023
6587,90257
6588,90023
6589,90257
6590,90023
6591,90257
6592,90023
6593,90257
6594,90023
6595,90257
6596,90023
6597,90257
6598,90023
6599,90257
6600,90023
6601,90257
6602,90023
6603,90257
6604,90023
6605,90257
6606,90023
6607,90257
6608,90023
6609,90257
6610,90023
6611,90257
6612,90023
6613,90257
6614,90023
6615,90257
6616,90023
6617,90257
6618,90023
6619,90257
6620,90256
6621,90023
6622,90256
6623,90023
6624,90257
6625,90023
6626,90257
6627,90023
6628,90256
6629,90023
6630,90256
6631,90023
6632,90256
6633,90023
6634,90256
6635,90023
6636,90256
6637,90023
6638,90256
6639,90023
6640,90256
6641,90023
6642,90256
6643,90023
6644,90256
6645,90023
6646,90256
6647,90023
6648,90256
6649,90023
6650,90256
6651,90023
6652,90256
6653,90023
6654,90256
6655,90023
6656,90256
6657,90023
6658,90256
6659,90023
6660,90256
6661,90023
6662,90256
6663,90023
6664,90256
6665,90023
6666,90256
6667,90023
6668,90256
6669,90023
6670,90256
6671,90023
6672,90256
6673,90023
6674,90256
6675,90023
6676,90256
6677,90023
6678,90256
6679,90023
6680,90256
6681,90023
6682,90256
6683,90023
6684,90256
6685,90023
6686,90256
6687,90023
6688,90256
6689,90023
6690,90256
6691,90023
6692,90256
6693,90023
6694,90256
6695,90023
6696,90256
6697,90023
6698,90256
6699,90023
6700,90256
6701,90023
6702,90256
6703,90023
6704,90256
6705,90023
6706,90256
6707,90023
6708,90256
6709,90023
6710,90256
6711,90023
6712,90256
6713,90023
6714,90256
6715,90023
6716,90256
6717,90023
6718,90256
6719,90023
6720,90256
6721,90023
6722,90256
6723,90023
6724,90256
6725,90023
6726,90256
6727,90023
6728,90256
6729,90023
6730,90256
6731,90023
6732,90256
6733,90023
6734,90256
6735,90023
6736,90256
6737,90023
6738,90256
6739,90023
6740,90256
6741,90023
6742,90256
6743,90023
6744,90256
6745,90023
6746,90256
6747,90023
6748,90256
6749,90023
6750,90256
6751,90023
6752,90256
6753,90023
6754,90256
6755,90023
6756,90256
6757,90023
6758,90256
6759,90023
6760,90256
6761,90023
6762,90256
6763,90023
6764,90256
6765,90023
6766,90256
6767,90023
6768,90256
6769,90023
6770,90256
6771,90023
6772,90256
6773,90023
6774,90256
6775,90023
6776,90256
6777,90023
6778,90256
6779,90023
6780,90256
6781,90023
6782,90256
6783,90023
6784,90256
6785,90023
6786,90256
6787,90023
6788,90256
6789,90023
6790,90256
6791,90023
6792,90256
6793,90023
6794,90256
6795,90023
6796,90256
6797,90023
6798,90256
6799,90023
6800,90256
6801,90023
6802,90256
6803,90023
6804,90256
6805,90023
6806,90256
6807,90023
6808,90256
6809,90023
6810,90256
6811,90023
6812,90256
6813,90023
6814,90256
6815,90023
6816,90256
6817,90023
6818,90256
6819,90023
6820,90256
6821,90023
6822,90256
6823,90023
6824,90256
6825,90023
6826,90256
6827,90023
6828,90256
6829,90023
6830,90256
6831,90023
6832,90256
6833,90023
6834,90256
6835,90023
6836,90256
6837,90023
6838,90256
6839,90023
6840,90256
6841,90023
6842,90256
6843,90023
6844,90256
6845,90023
6846,90256
6847,90023
6848,90256
6849,90023
6850,90256
6851,90023
6852,90256
6853,90023
6854,90256
6855,90023
6856,90256
6857,90023
6858,90256
6859,90023
6860,90256
6861,90023
6862,90256
6863,90023
6864,90256
6865,90023
6866,90256
6867,90023
6868,90256
6869,90023
6870,90256
6871,90023
6872,90256
6873,90023
6874,90256
6875,90023
6876,90256
6877,90023
6878,90256
6879,90023
6880,90256
6881,90023
6882,90256
6883,90023
6884,90256
6885,90023
6886,90256
6887,90023
6888,90256
6889,90023
6890,90256
6891,90023
6892,90256
6893,90023
6894,90256
6895,90023
6896,90256
6897,90023
6898,90256
6899,90023
6900,90256
6901,90023
6902,90256
6903,90023
6904,90256
6905,90023
6906,90256
6907,90023
6908,90256
6909,90023
6910,90256
6911,90023
6912,90256
6913,90023
6914,90256
6915,90023
6916,90256
6917,90023
6918,90256
6919,90023
6920,90256
6921,90023
6922,90256
6923,90023
6924,90256
6925,90023
6926,90256
6927,90023
6928,90256
6929,90023
6930,90256
6931,90023
6932,90256
6933,90023
6934,90256
6935,90023
6936,90256
6937,90023
6938,90256
6939,90023
6940,90256
6941,90023
6942,90256
6943,90023
6944,90256
6945,90023
6946,90256
6947,90023
6948,90256
6949,90023
6950,90256
6951,90023
6952,90256
6953,90023
6954,90256
6955,90023
6956,90256
6957,90023
6958,90256
6959,90023
6960,90256
6961,90023
6962,90256
6963,90023
6964,90256
6965,90023
6966,90256
6967,90023
6968,90256
6969,90023
6970,90256
6971,90023
6972,90256
6973,90023
6974,90256
6975,90023
6976,90256
6977,90023
6978,90256
6979,90023
6980,90256
6981,90023
6982,90256
6983,90023
6984,90256
6985,90023
6986,90256
6987,90023
6988,90256
6989,90023
6990,90256
6991,90023
6992,90256
6993,90023
6994,90256
6995,90023
6996,90256
6997,90023
6998,90256
6999,90023
7000,90256
7001,90023
7002,90256
7003,90023
7004,90256
7005,90023
7006,90256
7007,90023
7008,90256
7009,90023
7010,90256
7011,90023
7012,90256
7013,90023
7014,90256
7015,90023
7016,90256
7017,90023
7018,90256
7019,90023
7020,90256
7021,90023
7022,90256
7023,90023
7024,90256
7025,90023
7026,90256
7027,90023
7028,90256
7029,90023
7030,90256
7031,90023
7032,90256
7033,90023
7034,90256
7035,90023
7036,90256
7037,90023
7038,90256
7039,90023
7040,90256
7041,90023
7042,90256
7043,90023
7044,90256
7045,90023
7046,90256
7047,90023
7048,90256
7049,90023
7050,90256
7051,90023
7052,90256
7053,90023
7054,90256
7055,90023
7056,90256
7057,90023
7058,90256
7059,90023
7060,90256
7061,90023
7062,90256
7063,90023
7064,90256
7065,90023
7066,90256
7067,90023
7068,90256
7069,90023
7070,90256
7071,90023
7072,90256
7073,90023
7074,90256
7075,90023
7076,90256
7077,90023
7078,90256
7079,90023
7080,90256
7081,90023
7082,90256
7083,90023
7084,90256
7085,90023
7086,90256
7087,90023
7088,90256
7089,90023
7090,90256
7091,90023
7092,90256
7093,90023
7094,90256
7095,90023
7096,90256
7097,90023
7098,90256
7099,90023
7100,90256
7101,90023
7102,90256
7103,90023
7104,90256
7105,90023
7106,90256
7107,90023
7108,90256
7109,90023
7110,90256
7111,90023
7112,90256
7113,90023
7114,90256
7115,90023
7116,90256
7117,90023
7118,90256
7119,90023
7120,90256
7121,90023
7122,90256
7123,90023
7124,90256
7125,90023
7126,90256
7127,90023
7128,90256
7129,90023
7130,90256
7131,90023
7132,90256
7133,90023
7134,90256
7135,90023
7136,90256
7137,90023
7138,90256
7139,90023
7140,90256
7141,90023
7142,90256
7143,90023
7144,90256
7145,90023
7146,90256
7147,90023
7148,90256
7149,90023
7150,90256
7151,90023
7152,90256
7153,90023
7154,90256
7155,90023
7156,90256
7157,90023
7158,90256
7159,90023
7160,90256
7161,90023
7162,90256
7163,90023
7164,90256
7165,90023
7166,90256
7167,90023
7168,90256
7169,90023
7170,90256
7171,90023
7172,90256
7173,90023
7174,90256
7175,90023
7176,90256
7177,90023
7178,90256
7179,90023
7180,90256
7181,90023
7182,90256
7183,90023
7184,90256
7185,90023
7186,90256
7187,90023
7188,90256
7189,90023
7190,90256
7191,90023
7192,90256
7193,90023
7194,90256
7195,90023
7196,90256
7197,90023
7198,90256
7199,90023
7200,90256
7201,90023
7202,90256
7203,90023
7204,90256
7205,90023
7206,90256
7207,90023
7208,90256
7209,90023
7210,90256
7211,90023
7212,90256
7213,90023
7214,90256
7215,90023
7216,90256
7217,90023
7218,90256
7219,90023
7220,90256
7221,90023
7222,90256
7223,90023
7224,90256
7225,90023
7226,90256
7227,90023
7228,90256
7229,90023
7230,90256
7231,90023
7232,90256
7233,90023
7234,90256
7235,90023
7236,90256
7237,90023
7238,90256
7239,90023
7240,90256
7241,90023
7242,90256
7243,90023
7244,90256
7245,90023
7246,90256
7247,90023
7248,90256
7249,90023
7250,90256
7251,90023
7252,90256
7253,90023
7254,90256
7255,90023
7256,90256
7257,90023
7258,90256
7259,90023
7260,90256
7261,90023
7262,90256
7263,90023
7264,90256
7265,90023
7266,90256
7267,90023
7268,90256
7269,90023
7270,90256
7271,90023
7272,90256
7273,90023
7274,90256
7275,90023
7276,90256
7277,90023
7278,90256
7279,90023
7280,90256
7281,90023
7282,90256
7283,90023
7284,90256
7285,90023
7286,90256
7287,90023
7288,90256
7289,90023
7290,90256
7291,90023
7292,90256
7293,90023
7294,90256
7295,90023
7296,90256
7297,90023
7298,90256
7299,90023
7300,90256
7301,90023
7302,90256
7303,90023
7304,90256
7305,90023
7306,90256
7307,90023
7308,90256
7309,90023
7310,90256
7311,90023
7312,90256
7313,90023
7314,90256
7315,90023
7316,90256
7317,90023
7318,90256
7319,90023
7320,90256
7321,90023
7322,90256
7323,90023
7324,90256
7325,90023
7326,90256
7327,90023
7328,90256
7329,90023
7330,90256
7331,90023
7332,90256
7333,90023
7334,90256
7335,90023
7336,90256
7337,90023
7338,90256
7339,90023
7340,90256
7341,90023
7342,90256
7343,90023
7344,90256
7345,90023
7346,90256
7347,90023
7348,90256
7349,90023
7350,90256
7351,90023
7352,90256
7353,90023
7354,90256
7355,90023
7356,90256
7357,90023
7358,90256
7359,90023
7360,90256
7361,90023
7362,90256
7363,90375
7364,90256
7365,90023
7366,90256
7367,90023
7368,90256
7369,90023
7370,90256
7371,90023
7372,90256
7373,90023
7374,90256
7375,90023
7376,90256
7377,90023
7378,90256
7379,90023
7380,90256
7381,90023
7382,90256
7383,90023
7384,90256
7385,90023
7386,90256
7387,90023
7388,90256
7389,90023
7390,90256
7391,90023
7392,90256
7393,90023
7394,90256
7395,90023
7396,90256
7397,90023
7398,90256
7399,90023
7400,90256
7401,90023
7402,90256
7403,90023
7404,90256
7405,90023
7406,90256
7407,90023
7408,90256
7409,90023
7410,90256
7411,90023
7412,90256
7413,90023
7414,90256
7415,90023
7416,90256
7417,90023
7418,90256
7419,90023
7420,90256
7421,90023
7422,90256
7423,90023
7424,90256
7425,90023
7426,90256
7427,90023
7428,90256
7429,90023
7430,90256
7431,90023
7432,90256
7433,90023
7434,90256
7435,90023
7436,90256
7437,90023
7438,90256
7439,90023
7440,90256
7441,90023
7442,90256
7443,90023
7444,90256
7445,90023
7446,90256
7447,90023
7448,90256
7449,90023
7450,90256
7451,90023
7452,90256
7453,90023
7454,90256
7455,90023
7456,90256
7457,90023
7458,90256
7459,90023
7460,90256
7461,90023
7462,90256
7463,90023
7464,90256
7465,90023
7466,90256
7467,90023
7468,90256
7469,90023
7470,90256
7471,90023
7472,90256
7473,90023
7474,90256
7475,90023
7476,90256
7477,90023
7478,90256
7479,90023
7480,90256
7481,90023
7482,90256
7483,90023
7484,90256
7485,90023
7486,90256
7487,90023
7488,90256
7489,90023
7490,90256
7491,90023
7492,90256
7493,90023
7494,90256
7495,90023
7496,90256
7497,90023
7498,90256
7499,90023
7500,90256
7501,90023
7502,90256
7503,90023
7504,90256
7505,90023
7506,90256
7507,90023
7508,90256
7509,90023
7510,90256
7511,90023
7512,90256
7513,90023
7514,90256
7515,90023
7516,90256
7517,90023
7518,90256
7519,90023
7520,90256
7521,90023
7522,90256
7523,90023
7524,90256
7525,90023
7526,90256
7527,90023
7528,90256
7529,90023
7530,90256
7531,90023
7532,90256
7533,90023
7534,90256
7535,90023
7536,90256
7537,90023
7538,90256
7539,90023
7540,90256
7541,90023
7542,90256
7543,90023
7544,90256
7545,90023
7546,90256
7547,90023
7548,90256
7549,90023
7550,90256
7551,90023
7552,90256
7553,90023
7554,90256
7555,90023
7556,90256
7557,90023
7558,90256
7559,90023
7560,90256
7561,90023
7562,90256
7563,90023
7564,90256
7565,90023
7566,90256
7567,90023
7568,90256
7569,90023
7570,90256
7571,90023
7572,90256
7573,90023
7574,90256
7575,90023
7576,90256
7577,90023
7578,90256
7579,90023
7580,90256
7581,90023
7582,90256
7583,90023
7584,90256
7585,90023
7586,90256
7587,90023
7588,90256
7589,90023
7590,90256
7591,90023
7592,90256
7593,90023
7594,90256
7595,90023
7596,90256
7597,90023
7598,90256
7599,90023
7600,90256
7601,90023
7602,90256
7603,90023
7604,90256
7605,90023
7606,90256
7607,90023
7608,90256
7609,90023
7610,90256
7611,90023
7612,90256
7613,90023
7614,90256
7615,90023
7616,90256
7617,90023
7618,90256
7619,90023
7620,90256
7621,90023
7622,90256
7623,90023
7624,90256
7625,90023
7626,90256
7627,90023
7628,90256
7629,90023
7630,90256
7631,90023
7632,90256
7633,90023
7634,90256
7635,90023
7636,90256
7637,90023
7638,90256
7639,90023
7640,90256
7641,90023
7642,90256
7643,90023
7644,90256
7645,90023
7646,90256
7647,90023
7648,90256
7649,90023
7650,90256
7651,90023
7652,90256
7653,90023
7654,90256
7655,90023
7656,90256
7657,90023
7658,90256
7659,90023
7660,90256
7661,90023
7662,90256
7663,90023
7664,90256
7665,90023
7666,90256
7667,90023
7668,90256
7669,90023
7670,90256
7671,90023
7672,90256
7673,90023
7674,90256
7675,90023
7676,90256
7677,90023
7678,90256
7679,90023
7680,90256
7681,90023
7682,90256
7683,90023
7684,90256
7685,90023
7686,90256
7687,90023
7688,90256
7689,90023
7690,90256
7691,90023
7692,90256
7693,90023
7694,90256
7695,90023
7696,90256
7697,90023
7698,90256
7699,90023
7700,90256
7701,90023
7702,90256
7703,90023
7704,90256
7705,90023
7706,90256
7707,90023
7708,90256
7709,90023
7710,90256
7711,90023
7712,90256
7713,90023
7714,90256
7715,90023
7716,90256
7717,90023
7718,90256
7719,90023
7720,90256
7721,90023
7722,90256
7723,90023
7724,90256
7725,90023
7726,90256
7727,90023
7728,90256
7729,90023
7730,90256
7731,90023
7732,90256
7733,90023
7734,90256
7735,90023
7736,90256
7737,90023
7738,90256
7739,90023
7740,90256
7741,90023
7742,90256
7743,90023
7744,90256
7745,90023
7746,90256
7747,90023
7748,90256
7749,90023
7750,90256
7751,90023
7752,90256
7753,90023
7754,90256
7755,90023
7756,90256
7757,90023
7758,90256
7759,90023
7760,90256
7761,90023
7762,90256
7763,90023
7764,90256
7765,90023
7766,90256
7767,90023
7768,90256
7769,90023
7770,90256
7771,90023
7772,90256
7773,90023
7774,90256
7775,90023
7776,90256
7777,90023
7778,90256
7779,90023
7780,90256
7781,90023
7782,90256
7783,90023
7784,90256
7785,90023
7786,90256
7787,90023
7788,90256
7789,90023
7790,90256
7791,90023
7792,90256
7793,90023
7794,90256
7795,90023
7796,90256
7797,90023
7798,90256
7799,90023
7800,90256
7801,90023
7802,90256
7803,90023
7804,90256
7805,90023
7806,90256
7807,90023
7808,90256
7809,90023
7810,90256
7811,90023
7812,90256
7813,90023
7814,90256
7815,90023
7816,90256
7817,90023
7818,90256
7819,90023
7820,90256
7821,90023
7822,90256
7823,90023
7824,90256
7825,90023
7826,90256
7827,90023
7828,90256
7829,90023
7830,90256
7831,90023
7832,90256
7833,90023
7834,90256
7835,90023
7836,90256
7837,90023
7838,90256
7839,90023
7840,90256
7841,90023
7842,90256
7843,90023
7844,90256
7845,90023
7846,90256
7847,90023
7848,90256
7849,90023
7850,90256
7851,90023
7852,90256
7853,90023
7854,90256
7855,90023
7856,90256
7857,90023
7858,90256
7859,90023
7860,90256
7861,90023
7862,90256
7863,90023
7864,90256
7865,90023
7866,90256
7867,90023
7868,90256
7869,90023
7870,90256
7871,90023
7872,90256
7873,90023
7874,90256
7875,90023
7876,90256
7877,90023
7878,90256
7879,90023
7880,90256
7881,90023
7882,90256
7883,90023
7884,90256
7885,90023
7886,90256
7887,90023
7888,90256
7889,90023
7890,90256
7891,90023
7892,90256
7893,90023
7894,90256
7895,90023
7896,90256
7897,90023
7898,90256
7899,90023
7900,90256
7901,90023
7902,90256
7903,90023
7904,90256
7905,90023
7906,90256
7907,90023
7908,90256
7909,90023
7910,90256
7911,90023
7912,90256
7913,90023
7914,90256
7915,90023
7916,90256
7917,90023
7918,90256
7919,90023
7920,90256
7921,90023
7922,90256
7923,90023
7924,90256
7925,90023
7926,90256
7927,90023
7928,90256
7929,90023
7930,90256
7931,90023
7932,90256
7933,90023
7934,90256
7935,90023
7936,90256
7937,90023
7938,90256
7939,90023
7940,90256
7941,90023
7942,90256
7943,90023
7944,90256
7945,90023
7946,90256
7947,90023
7948,90256
7949,90023
7950,90256
7951,90023
7952,90256
7953,90023
7954,90256
7955,90023
7956,90256
7957,90023
7958,90256
7959,90023
7960,90256
7961,90023
7962,90256
7963,90023
7964,90256
7965,90023
7966,90256
7967,90023
7968,90256
7969,90023
7970,90256
7971,90023
7972,90256
7973,90023
7974,90256
7975,90023
7976,90256
7977,90023
7978,90256
7979,90023
7980,90256
7981,90023
7982,90256
7983,90023
7984,90256
7985,90023
7986,90256
7987,90023
7988,90256
7989,90023
7990,90256
7991,90023
7992,90256
7993,90023
7994,90256
7995,90023
7996,90256
7997,90023
7998,90256
7999,90023
8000,90256
8001,90023
8002,90256
8003,90023
8004,90256
8005,90023
8006,90256
8007,90023
8008,90256
8009,90023
8010,90256
8011,90023
8012,90256
8013,90023
8014,90256
8015,90023
8016,90256
8017,90023
8018,90256
8019,90023
8020,90256
8021,90023
8022,90256
8023,90023
8024,90256
8025,90023
8026,90256
8027,90023
8028,90256
8029,90023
8030,90256
8031,90023
8032,90256
8033,90023
8034,90256
8035,90023
8036,90256
8037,90023
8038,90256
8039,90023
8040,90256
8041,90023
8042,90256
8043,90023
8044,90256
8045,90023
8046,90256
8047,90023
8048,90256
8049,90023
8050,90256
8051,90023
8052,90256
8053,90023
8054,90256
8055,90023
8056,90256
8057,90023
8058,90256
8059,90023
8060,90256
8061,90023
8062,90256
8063,90023
8064,90256
8065,90023
8066,90256
8067,90023
8068,90022
8069,90256
8070,90022
8071,90256
8072,90022
8073,90256
8074,90022
8075,90256
8076,90022
8077,90256
8078,90022
8079,90256
8080,90022
8081,90256
8082,90022
8083,90256
8084,90022
8085,90256
8086,90022
8087,90256
8088,90022
8089,90256
8090,90022
8091,90256
8092,90022
8093,90256
8094,90022
8095,90256
8096,90022
8097,90256
8098,90022
8099,90256
8100,90022
8101,90256
8102,90022
8103,90256
8104,90022
8105,90256
8106,90022
8107,90256
8108,90022
8109,90256
8110,90022
8111,90256
8112,90022
8113,90256
8114,90022
8115,90256
8116,90022
8117,90256
8118,90022
8119,90256
8120,90022
8121,90256
8122,90022
8123,90256
8124,90022
8125,90256
8126,90022
8127,90256
8128,90022
8129,90256
8130,90022
8131,90256
8132,90022
8133,90256
8134,90022
8135,90256
8136,90022
8137,90141
8138,90140
8139,90139
8140,90258
8141,90257
8142,90376
8143,90375
8144,90256
