0,90617
1,90498
2,90497
3,90378
4,90259
5,90140
6,90141
7,90142
8,90141
9,90260
10,90379
11,90498
12,90379
13,90260
14,90141
15,90022
16,89903
17,89904
18,89903
19,89784
20,89785
21,89666
22,89667
23,89548
24,89429
25,89430
26,89311
27,89192
28,89191
29,89190
30,89071
31,89072
32,89071
33,89190
34,89071
35,88952
36,88833
37,88714
38,88595
39,88476
40,88477
41,88359
42,88479
43,88480
44,88481
45,88600
46,88601
47,88602
48,88722
49,88723
50,88724
51,88725
52,88726
53,88727
54,88847
55,88848
56,88849
57,88850
58,88851
59,88852
60,88853
61,88854
62,88855
63,88974
64,88975
65,88976
66,88977
67,88978
68,88979
69,88980
70,88981
71,88982
72,88983
73,88984
74,88985
75,88986
76,88987
77,88988
78,88989
79,88990
80,88991
81,88992
82,88993
83,88994
84,88995
85,88996
86,88997
87,88998
88,88999
89,89000
90,89001
91,89002
92,89003
93,89004
94,89005
95,89006
96,89007
97,89008
98,89009
99,89010
100,89011
101,89012
102,89013
103,89014
104,89015
105,89016
106,89017
107,89018
108,89019
109,89020
110,89021
111,89022
112,89023
113,89024
114,89025
115,89026
116,89027
117,89028
118,89029
119,89030
120,89031
121,89032
122,89033
123,89034
124,89035
125,89036
126,89037
127,89038
128,89039
129,89040
130,89041
131,89042
132,89043
133,88925
134,88926
135,88927
136,88928
137,88929
138,88930
139,88931
140,88932
141,88933
142,88934
143,88935
144,88936
145,88937
146,88938
147,88939
148,88821
149,88822
150,88823
151,88824
152,88825
153,88826
154,88827
155,88828
156,88829
157,88830
158,88831
159,88832
160,88833
161,88834
162,88835
163,88836
164,88837
165,88838
166,88839
167,88840
168,88841
169,88842
170,88843
171,88844
172,88845
173,88727
174,88728
175,88729
176,88730
177,88731
178,88732
179,88733
180,88734
181,88735
182,88736
183,88737
184,88738
185,88739
186,88740
187,88741
188,88742
189,88743
190,88744
191,88745
192,88627
193,88628
194,88629
195,88630
196,88631
197,88632
198,88633
199,88634
200,88635
201,88636
202,88637
203,88638
204,88639
205,88640
206,88641
207,88642
208,88643
209,88644
210,88645
211,88646
212,88647
213,88529
214,88530
215,88531
216,88532
217,88533
218,88534
219,88535
220,88536
221,88537
222,88538
223,88539
224,88540
225,88541
226,88542
227,88543
228,88544
229,88545
230,88546
231,88547
232,88548
233,88549
234,88550
235,88432
236,88433
237,88434
238,88435
239,88436
240,88437
241,88438
242,88439
243,88440
244,88441
245,88442
246,88443
247,88444
248,88445
249,88446
250,88447
251,88448
252,88449
253,88450
254,88451
255,88333
256,88334
257,88335
258,88336
259,88337
260,88338
261,88339
262,88340
263,88341
264,88342
265,88343
266,88344
267,88345
268,88346
269,88347
270,88348
271,88349
272,88350
273,88231
274,88232
275,88233
276,88234
277,88235
278,88236
279,88237
280,88238
281,88239
282,88240
283,88241
284,88242
285,88243
286,88244
287,88245
288,88246
289,88247
290,88248
291,88249
292,88131
293,88132
294,88133
295,88134
296,88135
297,88136
298,88137
299,88138
300,88139
301,88140
302,88141
303,88142
304,88143
305,88144
306,88145
307,88146
308,88028
309,88029
310,88030
311,88031
312,88032
313,88033
314,88034
315,88035
316,88036
317,88037
318,88038
319,88039
320,88040
321,88041
322,88042
323,88043
324,88044
325,87925
326,87926
327,87927
328,87928
329,87929
330,87930
331,87931
332,87932
333,87933
334,87934
335,87935
336,87936
337,87937
338,87938
339,87939
340,87821
341,87822
342,87823
343,87824
344,87825
345,87826
346,87827
347,87828
348,87829
349,87830
350,87831
351,87832
352,87833
353,87715
354,87716
355,87717
356,87718
357,87719
358,87720
359,87721
360,87722
361,87723
362,87724
363,87725
364,87726
365,87727
366,87609
367,87610
368,87611
369,87612
370,87613
371,87614
372,87615
373,87616
374,87617
375,87618
376,87619
377,87620
378,87621
379,87502
380,87503
381,87504
382,87505
383,87506
384,87507
385,87508
386,87509
387,87510
388,87511
389,87512
390,87513
391,87514
392,87515
393,87397
394,87398
395,87399
396,87400
397,87401
398,87402
399,87403
400,87404
401,87405
402,87406
403,87407
404,87408
405,87409
406,87410
407,87411
408,87292
409,87293
410,87294
411,87295
412,87296
413,87297
414,87298
415,87299
416,87300
417,87301
418,87302
419,87303
420,87304
421,87305
422,87187
423,87188
424,87189
425,87190
426,87191
427,87192
428,87193
429,87194
430,87195
431,87196
432,87197
433,87198
434,87199
435,87081
436,87082
437,87083
438,87084
439,87085
440,87086
441,87087
442,87088
443,87089
444,87090
445,87091
446,86973
447,86974
448,86975
449,86976
450,86977
451,86978
452,86979
453,86980
454,86981
455,86982
456,86983
457,86865
458,86866
459,86867
460,86868
461,86869
462,86870
463,86871
464,86872
465,86873
466,86874
467,86875
468,86756
469,86757
470,86758
471,86759
472,86760
473,86761
474,86762
475,86763
476,86764
477,86765
478,86766
479,86767
480,86648
481,86649
482,86650
483,86651
484,86652
485,86653
486,86654
487,86655
488,86656
489,86657
490,86658
491,86540
492,86541
493,86542
494,86543
495,86544
496,86545
497,86546
498,86547
499,86548
500,86549
501,86550
502,86432
503,86433
504,86434
505,86435
506,86436
507,86437
508,86438
509,86439
510,86440
511,86441
512,86323
513,86324
514,86325
515,86326
516,86327
517,86328
518,86329
519,86330
520,86331
521,86332
522,86213
523,86214
524,86215
525,86216
526,86217
527,86218
528,86219
529,86220
530,86221
531,86222
532,86223
533,86104
534,86105
535,86106
536,86107
537,86108
538,86109
539,86110
540,86111
541,86112
542,86113
543,86114
544,85995
545,85996
546,85997
547,85998
548,85999
549,86000
550,86001
551,86002
552,86003
553,86004
554,86005
555,85886
556,85887
557,85888
558,85889
559,85890
560,85891
561,85892
562,85893
563,85894
564,85895
565,85777
566,85778
567,85779
568,85780
569,85781
570,85782
571,85783
572,85784
573,85785
574,85786
575,85667
576,85668
577,85669
578,85670
579,85671
580,85672
581,85673
582,85674
583,85675
584,85676
585,85558
586,85559
587,85560
588,85561
589,85562
590,85563
591,85564
592,85565
593,85566
594,85448
595,85449
596,85450
597,85451
598,85452
599,85453
600,85454
601,85455
602,85456
603,85338
604,85339
605,85340
606,85341
607,85342
608,85343
609,85344
610,85345
611,85227
612,85228
613,85229
614,85230
615,85231
616,85232
617,85233
618,85234
619,85235
620,85117
621,85118
622,85119
623,85120
624,85121
625,85122
626,85123
627,85124
628,85006
629,85007
630,85008
631,85009
632,85010
633,85011
634,85012
635,85013
636,85014
637,84896
638,84897
639,84898
640,84899
641,84900
642,84901
643,84902
644,84903
645,84785
646,84786
647,84787
648,84788
649,84789
650,84790
651,84791
652,84792
653,84793
654,84675
655,84676
656,84677
657,84678
658,84679
659,84680
660,84681
661,84682
662,84564
663,84565
664,84566
665,84567
666,84568
667,84569
668,84570
669,84452
670,84453
671,84454
672,84455
673,84456
674,84457
675,84458
676,84459
677,84341
678,84342
679,84343
680,84344
681,84345
682,84346
683,84347
684,84348
685,84230
686,84231
687,84232
688,84233
689,84234
690,84235
691,84236
692,84118
693,84119
694,84120
695,84121
696,84122
697,84123
698,84124
699,84125
700,84007
701,84008
702,84009
703,84010
704,84011
705,84012
706,84013
707,83895
708,83896
709,83897
710,83898
711,83899
712,83900
713,83901
714,83902
715,83784
716,83785
717,83786
718,83787
719,83788
720,83789
721,83790
722,83672
723,83673
724,83674
725,83675
726,83676
727,83677
728,83678
729,83560
730,83561
731,83562
732,83563
733,83564
734,83565
735,83566
736,83448
737,83449
738,83450
739,83451
740,83452
741,83453
742,83454
743,83455
744,83337
745,83338
746,83339
747,83340
748,83341
749,83342
750,83343
751,83225
752,83226
753,83227
754,83228
755,83229
756,83230
757,83231
758,83113
759,83114
760,83115
761,83116
762,83117
763,83118
764,83119
765,83001
766,83002
767,83003
768,83004
769,83005
770,83006
771,83007
772,82888
773,82889
774,82890
775,82891
776,82892
777,82893
778,82894
779,82895
780,82776
781,82777
782,82778
783,82779
784,82780
785,82781
786,82782
787,82664
788,82665
789,82666
790,82667
791,82668
792,82669
793,82670
794,82552
795,82553
796,82554
797,82555
798,82556
799,82557
800,82558
801,82440
802,82441
803,82442
804,82443
805,82444
806,82445
807,82327
808,82328
809,82329
810,82330
811,82331
812,82332
813,82333
814,82215
815,82216
816,82217
817,82218
818,82219
819,82220
820,82221
821,82103
822,82104
823,82105
824,82106
825,82107
826,82108
827,81990
828,81991
829,81992
830,81993
831,81994
832,81995
833,81996
834,81878
835,81879
836,81880
837,81881
838,81882
839,81883
840,81765
841,81766
842,81767
843,81768
844,81769
845,81770
846,81771
847,81653
848,81654
849,81655
850,81656
851,81657
852,81658
853,81540
854,81541
855,81542
856,81543
857,81544
858,81545
859,81546
860,81428
861,81429
862,81430
863,81431
864,81432
865,81433
866,81315
867,81316
868,81317
869,81318
870,81319
871,81320
872,81321
873,81202
874,81203
875,81204
876,81205
877,81206
878,81207
879,81208
880,81089
881,81090
882,81091
883,81092
884,81093
885,81094
886,81095
887,80976
888,80977
889,80978
890,80979
891,80980
892,80981
893,80863
894,80864
895,80865
896,80866
897,80867
898,80868
899,80750
900,80751
901,80752
902,80753
903,80754
904,80755
905,80637
906,80638
907,80639
908,80640
909,80641
910,80642
911,80524
912,80525
913,80526
914,80527
915,80528
916,80410
917,80411
918,80412
919,80413
920,80414
921,80415
922,80297
923,80298
924,80299
925,80300
926,80301
927,80302
928,80184
929,80185
930,80186
931,80187
932,80188
933,80070
934,80071
935,80072
936,80073
937,80074
938,80075
939,79957
940,79958
941,79959
942,79960
943,79961
944,79962
945,79844
946,79845
947,79846
948,79847
949,79848
950,79730
951,79731
952,79732
953,79733
954,79734
955,79735
956,79617
957,79618
958,79619
959,79620
960,79621
961,79503
962,79504
963,79505
964,79506
965,79507
966,79508
967,79390
968,79391
969,79392
970,79393
971,79394
972,79395
973,79277
974,79278
975,79279
976,79280
977,79281
978,79163
979,79164
980,79165
981,79166
982,79167
983,79168
984,79050
985,79051
986,79052
987,79053
988,79054
989,78936
990,78937
991,78938
992,78939
993,78940
994,78822
995,78823
996,78824
997,78825
998,78826
999,78708
1000,78709
1001,78710
1002,78711
1003,78712
1004,78713
1005,78595
1006,78596
1007,78597
1008,78598
1009,78599
1010,78481
1011,78482
1012,78483
1013,78484
1014,78485
1015,78486
1016,78367
1017,78368
1018,78369
1019,78370
1020,78371
1021,78372
1022,78253
1023,78254
1024,78255
1025,78256
1026,78257
1027,78258
1028,78140
1029,78141
1030,78142
1031,78143
1032,78144
1033,78026
1034,78027
1035,78028
1036,78029
1037,78030
1038,77912
1039,77913
1040,77914
1041,77915
1042,77916
1043,77798
1044,77799
1045,77800
1046,77801
1047,77802
1048,77684
1049,77685
1050,77686
1051,77687
1052,77688
1053,77570
1054,77571
1055,77572
1056,77573
1057,77574
1058,77456
1059,77457
1060,77458
1061,77459
1062,77460
1063,77342
1064,77343
1065,77344
1066,77345
1067,77346
1068,77228
1069,77229
1070,77230
1071,77231
1072,77232
1073,77114
1074,77115
1075,77116
1076,77117
1077,77118
1078,76999
1079,77000
1080,77001
1081,77002
1082,77003
1083,77004
1084,76886
1085,76887
1086,76888
1087,76889
1088,76890
1089,76772
1090,76773
1091,76774
1092,76775
1093,76776
1094,76657
1095,76658
1096,76659
1097,76660
1098,76661
1099,76662
1100,76544
1101,76545
1102,76546
1103,76547
1104,76429
1105,76430
1106,76431
1107,76432
1108,76433
1109,76434
1110,76315
1111,76316
1112,76317
1113,76318
1114,76319
1115,76320
1116,76321
1117,76322
1118,76203
1119,76204
1120,76205
1121,76206
1122,76207
1123,76208
1124,76209
1125,76090
1126,76091
1127,76092
1128,76093
1129,76094
1130,76095
1131,76096
1132,76097
1133,75978
1134,75979
1135,75980
1136,75981
1137,75982
1138,75983
1139,75984
1140,75866
1141,75867
1142,75868
1143,75869
1144,75870
1145,75871
1146,75872
1147,75754
1148,75755
1149,75756
1150,75757
1151,75758
1152,75759
1153,75641
1154,75642
1155,75643
1156,75644
1157,75645
1158,75646
1159,75528
1160,75529
1161,75530
1162,75531
1163,75532
1164,75533
1165,75415
1166,75416
1167,75417
1168,75418
1169,75419
1170,75420
1171,75302
1172,75303
1173,75304
1174,75305
1175,75306
1176,75307
1177,75189
1178,75190
1179,75191
1180,75192
1181,75193
1182,75194
1183,75195
1184,75076
1185,75077
1186,75078
1187,75079
1188,75080
1189,75081
1190,75082
1191,74963
1192,74964
1193,74965
1194,74966
1195,74967
1196,74968
1197,74969
1198,74970
1199,74851
1200,74852
1201,74853
1202,74854
1203,74855
1204,74856
1205,74857
1206,74738
1207,74739
1208,74740
1209,74741
1210,74742
1211,74743
1212,74744
1213,74626
1214,74627
1215,74628
1216,74629
1217,74630
1218,74512
1219,74513
1220,74514
1221,74515
1222,74516
1223,74517
1224,74399
1225,74400
1226,74401
1227,74402
1228,74403
1229,74404
1230,74286
1231,74287
1232,74288
1233,74289
1234,74290
1235,74291
1236,74173
1237,74174
1238,74175
1239,74176
1240,74177
1241,74059
1242,74060
1243,74061
1244,74062
1245,74063
1246,74064
1247,73946
1248,73947
1249,73948
1250,73949
1251,73950
1252,73951
1253,73833
1254,73834
1255,73835
1256,73836
1257,73837
1258,73838
1259,73719
1260,73720
1261,73721
1262,73722
1263,73723
1264,73724
1265,73606
1266,73607
1267,73608
1268,73609
1269,73610
1270,73611
1271,73492
1272,73493
1273,73494
1274,73495
1275,73496
1276,73497
1277,73498
1278,73380
1279,73381
1280,73382
1281,73383
1282,73384
1283,73266
1284,73267
1285,73268
1286,73269
1287,73270
1288,73271
1289,73153
1290,73154
1291,73155
1292,73156
1293,73157
1294,73039
1295,73040
1296,73041
1297,73042
1298,73043
1299,73044
1300,72926
1301,72927
1302,72928
1303,72929
1304,72930
1305,72812
1306,72813
1307,72814
1308,72815
1309,72816
1310,72698
1311,72699
1312,72700
1313,72701
1314,72702
1315,72703
1316,72584
1317,72585
1318,72586
1319,72587
1320,72588
1321,72589
1322,72471
1323,72472
1324,72473
1325,72474
1326,72475
1327,72476
1328,72357
1329,72358
1330,72359
1331,72360
1332,72361
1333,72362
1334,72244
1335,72245
1336,72246
1337,72247
1338,72248
1339,72130
1340,72131
1341,72132
1342,72133
1343,72134
1344,72016
1345,72017
1346,72018
1347,72019
1348,72020
1349,72021
1350,71902
1351,71903
1352,71904
1353,71905
1354,71906
1355,71907
1356,71789
1357,71790
1358,71791
1359,71792
1360,71793
1361,71674
1362,71675
1363,71676
1364,71677
1365,71678
1366,71679
1367,71561
1368,71562
1369,71563
1370,71564
1371,71565
1372,71446
1373,71447
1374,71448
1375,71449
1376,71450
1377,71451
1378,71333
1379,71334
1380,71335
1381,71336
1382,71337
1383,71338
1384,71219
1385,71220
1386,71221
1387,71222
1388,71223
1389,71105
1390,71106
1391,71107
1392,71108
1393,71109
1394,71110
1395,70992
1396,70993
1397,70994
1398,70995
1399,70996
1400,70877
1401,70878
1402,70879
1403,70880
1404,70881
1405,70763
1406,70764
1407,70765
1408,70766
1409,70767
1410,70649
1411,70650
1412,70651
1413,70652
1414,70653
1415,70534
1416,70535
1417,70536
1418,70537
1419,70538
1420,70420
1421,70421
1422,70422
1423,70423
1424,70424
1425,70306
1426,70307
1427,70308
1428,70309
1429,70310
1430,70192
1431,70193
1432,70194
1433,70195
1434,70196
1435,70077
1436,70078
1437,70079
1438,70080
1439,70081
1440,70082
1441,69964
1442,69965
1443,69966
1444,69967
1445,69968
1446,69850
1447,69851
1448,69852
1449,69853
1450,69854
1451,69735
1452,69736
1453,69737
1454,69738
1455,69739
1456,69620
1457,69621
1458,69622
1459,69623
1460,69624
1461,69506
1462,69507
1463,69508
1464,69509
1465,69510
1466,69392
1467,69393
1468,69394
1469,69395
1470,69396
1471,69278
1472,69279
1473,69280
1474,69281
1475,69282
1476,69164
1477,69165
1478,69166
1479,69167
1480,69168
1481,69049
1482,69050
1483,69051
1484,69052
1485,69053
1486,68935
1487,68936
1488,68937
1489,68938
1490,68820
1491,68821
1492,68822
1493,68823
1494,68824
1495,68706
1496,68707
1497,68708
1498,68709
1499,68710
1500,68592
1501,68593
1502,68594
1503,68595
1504,68477
1505,68478
1506,68479
1507,68480
1508,68481
1509,68362
1510,68363
1511,68364
1512,68365
1513,68366
1514,68247
1515,68248
1516,68249
1517,68250
1518,68251
1519,68132
1520,68133
1521,68134
1522,68135
1523,68136
1524,68018
1525,68019
1526,68020
1527,68021
1528,68022
1529,67903
1530,67904
1531,67905
1532,67906
1533,67907
1534,67789
1535,67790
1536,67791
1537,67792
1538,67674
1539,67675
1540,67676
1541,67677
1542,67678
1543,67560
1544,67561
1545,67562
1546,67563
1547,67445
1548,67446
1549,67447
1550,67448
1551,67330
1552,67331
1553,67332
1554,67333
1555,67334
1556,67216
1557,67217
1558,67218
1559,67219
1560,67101
1561,67102
1562,67103
1563,67104
1564,66986
1565,66987
1566,66988
1567,66989
1568,66990
1569,66872
1570,66873
1571,66874
1572,66875
1573,66757
1574,66758
1575,66759
1576,66760
1577,66761
1578,66642
1579,66643
1580,66644
1581,66645
1582,66646
1583,66527
1584,66528
1585,66529
1586,66530
1587,66412
1588,66413
1589,66414
1590,66415
1591,66416
1592,66298
1593,66299
1594,66300
1595,66301
1596,66183
1597,66184
1598,66185
1599,66186
1600,66068
1601,66069
1602,66070
1603,66071
1604,66072
1605,65953
1606,65954
1607,65955
1608,65956
1609,65838
1610,65839
1611,65840
1612,65841
1613,65723
1614,65724
1615,65725
1616,65726
1617,65727
1618,65609
1619,65610
1620,65611
1621,65612
1622,65494
1623,65495
1624,65496
1625,65497
1626,65379
1627,65380
1628,65381
1629,65382
1630,65264
1631,65265
1632,65266
1633,65267
1634,65149
1635,65150
1636,65151
1637,65152
1638,65153
1639,65034
1640,65035
1641,65036
1642,65037
1643,64919
1644,64920
1645,64921
1646,64922
1647,64804
1648,64805
1649,64806
1650,64807
1651,64689
1652,64690
1653,64691
1654,64692
1655,64574
1656,64575
1657,64576
1658,64577
1659,64459
1660,64460
1661,64461
1662,64462
1663,64344
1664,64345
1665,64346
1666,64347
1667,64229
1668,64230
1669,64231
1670,64232
1671,64114
1672,64115
1673,64116
1674,64117
1675,63999
1676,64000
1677,64001
1678,64002
1679,63883
1680,63884
1681,63885
1682,63886
1683,63768
1684,63769
1685,63770
1686,63771
1687,63653
1688,63654
1689,63655
1690,63656
1691,63538
1692,63539
1693,63540
1694,63541
1695,63423
1696,63424
1697,63425
1698,63426
1699,63308
1700,63309
1701,63310
1702,63311
1703,63193
1704,63194
1705,63195
1706,63077
1707,63078
1708,63079
1709,63080
1710,62962
1711,62963
1712,62964
1713,62965
1714,62846
1715,62847
1716,62848
1717,62849
1718,62850
1719,62732
1720,62733
1721,62734
1722,62616
1723,62617
1724,62618
1725,62619
1726,62501
1727,62502
1728,62503
1729,62504
1730,62386
1731,62387
1732,62388
1733,62270
1734,62271
1735,62272
1736,62273
1737,62155
1738,62156
1739,62157
1740,62158
1741,62040
1742,62041
1743,62042
1744,62043
1745,61924
1746,61925
1747,61926
1748,61927
1749,61809
1750,61810
1751,61811
1752,61812
1753,61693
1754,61694
1755,61695
1756,61696
1757,61578
1758,61579
1759,61580
1760,61581
1761,61462
1762,61463
1763,61464
1764,61465
1765,61346
1766,61347
1767,61348
1768,61349
1769,61231
1770,61232
1771,61233
1772,61234
1773,61115
1774,61116
1775,61117
1776,61118
1777,61119
1778,61000
1779,61001
1780,61002
1781,61003
1782,60884
1783,60885
1784,60886
1785,60887
1786,60768
1787,60769
1788,60770
1789,60771
1790,60652
1791,60653
1792,60654
1793,60655
1794,60536
1795,60537
1796,60418
1797,60299
1798,60180
1799,60062
1800,59943
1801,59824
1802,59705
1803,59586
1804,59468
1805,59349
1806,59230
1807,59111
1808,58992
1809,58873
1810,58874
1811,58755
1812,58636
1813,58637
1814,58518
1815,58399
1816,58400
1817,58282
1818,58283
1819,58165
1820,58166
1821,58167
1822,58168
1823,58169
1824,58170
1825,58171
1826,58172
1827,58173
1828,58174
1829,58175
1830,58176
1831,58177
1832,58178
1833,58179
1834,58180
1835,58181
1836,58182
1837,58183
1838,58184
1839,58185
1840,58304
1841,58305
1842,58304
1843,58305
1844,58306
1845,58425
1846,58544
1847,58663
1848,58664
