357429
357190
357191
357430
357669
357908
357907
357908
357907
358146
358147
358386
358385
358384
358623
358622
358861
358862
359101
359100
359339
359338
359577
359815
360054
360053
360292
360291
360530
360529
360768
360769
361008
361247
361246
361485
361724
361723
361962
361963
362202
362441
362680
362681
362682
362921
363160
363161
363160
362921
362682
362921
362920
362919
362918
362917
362678
362439
362200
361961
361722
361723
361484
361245
361006
360767
360528
360289
360050
359811
359572
359573
359334
359095
358856
358617
358616
358617
358378
358617
358618
358379
358380
358381
358382
358383
358384
358145
357906
357667
357666
357427
357428
357429
357190
357429
