361976
361737
361498
361259
361260
361020
361259
361020
361019
361018
361257
361256
361255
361494
361492
361253
361252
361251
361490
361489
361487
361486
361485
361724
361723
361962
361961
362201
362202
362441
362680
362919
363158
363397
363636
363875
364114
364353
364592
364831
365070
365309
365308
365309
365548
365787
365788
366027
366266
366505
366506
366507
366746
366745
366744
366743
366504
366503
366264
366025
366024
365785
365546
365307
365068
364829
364590
364351
364112
363873
363634
363395
363156
362917
362678
362201
362202
361963
361962
361724
361485
361486
361248
361250
361251
361252
361253
361493
361494
361255
361256
361257
361018
361019
361020
361021
361260
361259
361498
361737
361736
361975
361976
