362439
362200
362199
362200
362201
362202
362441
362680
362919
363158
363397
363636
363875
364114
364353
364592
364831
365070
365309
365308
365309
365548
365787
365788
366027
366266
366505
366506
366507
366746
366747
366987
366988
367227
367467
367706
367946
368185
368186
368425
368426
368665
368666
368905
369144
369145
369384
369385
369624
369863
370102
370341
370580
370581
370820
371059
371060
371299
371538
371777
372016
372255
372254
372493
372732
372971
373210
373449
373688
373687
373448
373449
373448
373687
373688
373927
374166
374405
374644
374883
375121
375360
375599
375598
375837
375836
376075
376314
376553
376552
376551
376790
376789
377028
377027
377266
377505
377504
377503
377742
377741
377980
377979
378218
378217
378456
378455
378694
378693
378932
378931
379170
379409
379648
379887
380126
380365
380604
380843
381082
381321
381320
381559
381798
382037
382276
382515
382754
382755
382754
382993
382992
383231
383230
383468
383467
383706
383705
383944
384182
384420
384658
384897
385136
385375
385614
385613
385852
385851
386090
386089
386088
386327
386326
386565
386564
386563
386802
386563
386564
386565
386326
386327
386088
386089
386090
385851
385852
385851
385852
385613
385614
385375
385136
384897
384658
384420
384182
383943
383944
383705
383706
383467
383468
383230
383231
382992
382993
382754
382755
382994
383233
383232
383471
383710
383709
383948
384187
384188
384427
384426
384427
384666
384905
385144
385383
385622
385861
385860
386099
386338
386337
386576
386815
386814
387053
387291
387290
387529
387528
387767
387766
387527
387526
387765
387764
387763
387762
387761
388000
387999
388238
388477
388717
388956
389195
389434
389673
389672
389911
389910
389909
389908
389907
390145
390144
390383
390621
390620
390619
390618
390617
390616
390615
390614
390613
390612
390611
390610
390609
390608
390607
390606
390605
390366
