362201
362202
361963
361962
361723
361724
361485
361246
361247
361008
361007
360768
360529
360530
360291
360292
360053
360054
359815
359577
359338
359339
359100
359101
358862
358861
358622
358623
358384
358385
358386
358387
358388
358389
358150
357911
357672
357671
357432
357193
356954
356715
356714
356713
356474
356235
355996
355757
355518
355279
355040
354801
354562
354561
354562
354563
354564
354325
354326
354327
354089
354090
354091
354092
353853
353854
353855
353616
353617
353618
353379
353380
353141
352903
352664
352665
352426
352427
352428
352429
352190
352191
352430
352431
352432
352433
352194
352195
352196
352197
352198
351959
351960
351961
351962
351963
351964
351725
351726
351487
351488
351249
351250
351251
351252
351253
351254
351015
351016
351017
351018
351019
351258
351259
351260
351499
351500
351501
351502
351503
351264
351265
351266
351267
351028
351029
351030
351031
351032
351033
351034
351035
351274
351035
351036
351037
350798
350799
350561
350562
350323
350084
350085
350086
349847
349848
349609
349370
349131
349132
348893
348654
348415
348416
348177
348178
347939
347940
347941
347702
347703
347464
347225
347224
346985
346746
346985
346986
347225
347226
346987
346988
346749
346750
346511
346512
346513
346274
346035
345796
346035
345796
