363874
363635
363634
363395
363156
362917
362678
362677
362678
362439
362200
361961
361962
361963
362202
361963
361964
362203
361964
362203
361964
362203
361964
362203
361964
362203
361964
362203
361964
362203
361964
362203
362204
361965
361964
361963
362202
362441
362680
362919
363158
363397
363636
363635
363636
363397
363158
362919
362680
362441
362202
361963
361962
361723
361724
361485
361246
361247
361008
361007
360768
360529
360530
360291
360292
360053
360054
359815
359577
359338
359339
359100
359101
358862
358861
358622
358623
358384
358383
358382
358381
358142
358141
357902
357903
357902
358141
358380
358141
357902
357663
357424
357185
356946
356707
356468
356229
355990
355751
355512
355513
355274
355037
355038
355278
355279
355520
355521
355761
355762
355763
356002
356004
356244
356245
356246
356247
356248
356488
356489
356490
356491
356492
356493
356494
356734
356735
356736
356737
356738
356739
356740
356741
356982
356983
356984
356985
356986
356988
356989
357229
357230
357232
357233
357234
357236
357476
357477
357479
357480
357481
357483
357484
357486
357487
357488
357490
357491
357493
357494
357495
357497
357498
357500
357501
357503
357504
357505
357507
357508
357510
357511
357513
357514
357516
357517
357519
357520
357522
357523
357524
357526
357527
357529
357531
357532
357534
357535
357537
357538
357540
357302
357304
357305
357307
357308
357310
357312
357313
357315
357316
357318
357320
357321
357323
357324
357326
357328
357329
357331
357332
357334
357336
357337
357339
357341
357342
357344
357345
357347
357349
357350
357352
357354
357355
357357
357359
357360
357362
357364
357365
357367
357130
357131
357133
357135
357136
357138
357140
356902
356904
356906
356907
356909
356911
356912
356914
356916
356918
356919
356682
356684
356686
356687
356689
356691
356693
356694
356696
356698
356700
356701
356703
356705
356707
356708
356710
356473
356475
356476
356478
356480
356482
356483
356485
356487
356489
356490
356253
356255
356257
356258
356260
356262
356264
356265
356267
356269
356271
356033
356035
356037
356039
356040
356042
356044
356046
356047
356049
356051
355814
355815
355817
355819
355821
355822
355824
355826
355828
355829
355831
355833
355596
355597
355599
355601
355603
355604
355606
355608
355610
355611
355613
355615
355378
355379
355381
355383
355385
355386
355388
355390
355392
355393
355395
355397
355399
355161
355163
355165
355167
355168
355170
355172
355174
355175
355177
355179
355181
354943
354945
354947
354949
354950
354952
354954
354956
354957
354959
354961
354963
354725
354727
354729
354731
354732
354734
354736
354738
354739
354741
354743
354506
354507
354509
354511
354513
354514
354516
354518
354520
354521
354284
354286
354287
354289
354291
354293
354294
354296
354298
354300
354062
354064
354066
354068
354069
354071
354073
354074
354076
354078
353841
353842
353844
353846
353848
353849
353851
353853
353855
353856
353858
353621
353622
353624
353626
353628
353629
353631
353633
353635
353636
353399
353401
353402
353404
353406
353408
353409
353411
353413
353176
353177
353179
353181
353182
353184
353186
353188
353189
353191
352954
352955
352957
352959
352961
352962
352964
352966
352968
352730
352732
352734
352735
352737
352739
352741
352742
352744
352507
352508
352510
352512
352514
352515
352517
352519
352281
352283
352285
352287
352288
352290
352292
352054
352056
352058
352060
352061
352063
352065
352066
351829
351831
351833
351834
351836
351838
351839
351602
351604
351606
351607
351609
351611
351612
351614
351377
351378
351380
351382
351384
351385
351387
351150
351151
351153
351155
351157
351158
351160
351162
350924
350926
350928
350929
350931
350933
350935
350936
350699
350701
350702
350704
350706
350708
350709
350711
350474
350475
350477
350479
350480
350482
350484
350485
350487
350250
350252
350253
350255
350257
350258
350260
350262
350024
350026
350028
350030
350031
350033
350035
350036
350038
349801
349802
349804
349806
349808
349809
349811
349574
349575
349577
349579
349580
349582
349584
349585
349348
349350
349352
349353
349355
349357
349358
349121
349123
349124
349126
349128
349129
349131
348894
348895
348897
348899
348900
348902
348665
348666
348668
348670
348672
348673
348675
348438
348439
348441
348443
348444
348446
348209
348210
348212
348214
348215
348217
347980
347981
347983
347985
347986
347988
347990
347752
347754
347756
347757
347759
347761
347524
347525
347527
347529
347530
347532
347534
347296
347298
347300
347301
347303
347305
347306
347069
347071
347072
347074
347076
347077
346840
346842
346844
346845
346847
346849
346850
346613
346615
346616
346618
346620
346621
346384
346386
346387
346389
346391
346392
346155
346157
346158
346160
346162
346163
345926
345928
345929
345931
345933
345934
345697
345699
345700
345702
345704
345466
345468
345470
345471
345473
345475
345237
345239
345241
345242
345244
345246
345008
345010
345012
345013
345015
345017
344779
344781
344783
344784
344786
344788
344550
344552
344554
344555
344557
344559
344321
344323
344325
344326
344328
344330
344092
344094
344096
344097
344099
343862
343863
343865
343867
343868
343870
343633
343634
343636
343638
343639
343641
343403
343405
343407
343408
343410
343412
343174
343176
343178
343179
343181
342944
342945
342947
342949
342950
342952
342715
342716
342718
342719
342721
342723
342485
342487
342489
342490
342492
342255
342256
342258
342260
342261
342263
342026
342027
342029
342030
342032
341795
341796
341798
341800
341801
341564
341566
341567
341569
341571
341333
341335
341336
341338
341340
341341
341104
341106
341107
341109
341111
340873
340875
340876
340878
340880
340642
340644
340646
340647
340649
340411
340413
340415
340416
340418
340420
340182
340184
340185
340187
340189
339951
339953
339954
339956
339958
339720
339722
339724
339725
339727
339489
339491
339493
339494
339496
339258
339260
339262
339263
339265
339266
339029
339031
339032
339034
339035
338798
338800
338801
338803
338804
338567
338569
338570
338572
338573
338336
338338
338339
338341
338103
338105
338107
338108
338110
337872
337874
337876
337877
337879
337641
337643
337644
337646
337648
337410
337412
337413
337415
337416
337179
337181
337182
337184
337185
336948
336949
336951
336953
336715
336717
336718
336720
336721
336484
336486
336487
336489
336490
336253
336254
336256
336258
336259
336022
336023
336025
336026
335789
335791
335792
335794
335795
335558
335559
335561
335562
335564
335327
335328
335330
335331
335333
335095
335097
335098
335100
334863
334864
334866
334867
334869
334631
334633
334634
334636
334637
334400
334402
334403
334405
334406
334169
334170
334172
334173
333936
333937
333939
333941
333942
333705
333706
333708
333709
333711
333473
333475
333476
333478
333240
333242
333244
333245
333247
333009
333011
333012
333014
333015
332778
332779
332781
332782
332545
332546
332548
332549
332551
332314
332315
332317
332318
332081
332082
332084
332085
332087
331849
331851
331852
331854
331616
331618
331619
331621
331623
331385
331387
331388
331390
331152
331154
331155
331157
331158
330921
330922
330924
330925
330688
330689
330691
330692
330694
330457
330458
330460
330461
330224
330225
330227
330228
329991
329992
329994
329995
329997
329759
329761
329763
329764
329527
329528
329530
329531
329294
329295
329297
329298
329300
329062
329064
329065
329067
328829
328831
328833
328834
328597
328598
328600
328601
328603
328365
328367
328368
328370
328132
328134
328135
328137
327900
327901
327903
327904
327667
327668
327670
327671
327673
327435
327437
327438
327440
327202
327204
327206
327207
326970
326971
326973
326974
326976
326738
326740
326741
326743
326505
326507
326509
326510
326273
326274
326276
326277
326040
326041
326043
326044
326046
325808
325810
325812
325813
325576
325577
325579
325580
325343
325344
325346
325347
325110
325111
325113
325114
324877
324878
324880
324882
324644
324646
324647
324649
324411
324413
324414
324416
324178
324180
324181
324183
323945
323947
323948
323950
323712
323714
323715
323478
323479
323481
323482
323245
323246
323248
323249
323012
323013
323015
323016
322779
322780
322782
322783
322546
322547
322549
322550
322313
322314
322316
322317
322080
322081
322083
322084
321847
321848
321850
321851
321614
321615
321617
321379
321381
321382
321384
321146
321148
321149
321151
320913
320915
320916
320918
320680
320682
320683
320685
320447
320449
320450
320213
320214
320216
320217
319980
319981
319983
319984
319747
319748
319749
319751
319514
319515
319517
319518
319281
319282
319283
319285
319047
319049
319050
318813
318814
318816
318817
318580
318581
318583
318584
318347
318348
318349
318351
318113
318115
318116
318118
317880
317882
317883
317646
317647
317649
317650
317413
317414
317416
317417
317180
317182
317183
316946
316947
316949
316950
316713
316714
316716
316717
316479
316481
316482
316245
316246
316248
316249
316012
316013
316015
316016
315779
315780
315782
315544
315546
315547
315549
315311
315313
315314
315316
315078
315080
315081
314843
314845
314846
314848
314610
314612
314613
314376
314377
314379
314380
314143
314144
314146
314147
313910
313911
313913
313675
313676
313678
313679
313442
313443
313445
313207
313209
313210
313212
312974
312976
312977
312740
312741
312742
312744
312506
312508
312509
312272
312273
312275
312276
312039
312040
312042
311804
311805
311807
311808
311571
311573
311574
311336
311338
311339
311341
311103
311105
311106
310869
310870
310872
310873
310636
310637
310638
310401
310402
310404
310405
310168
310169
310171
309933
309935
309936
309699
309700
309701
309703
309465
309467
309468
309231
309232
309234
309235
308998
308999
309000
308763
308764
308766
308528
308530
308531
308533
308295
308297
308298
308061
308062
308064
308065
307827
307829
307830
307593
307594
307596
307358
307360
307361
307363
307125
307127
307128
306891
306892
306894
306656
306658
306659
306661
306423
306425
306426
306189
306190
306192
305954
305956
305957
305720
305721
305723
305724
305487
305488
305490
305252
305254
305255
305018
305019
305021
305022
304785
304786
304788
304550
304552
304553
304555
304557
304319
304321
304322
304324
304086
304088
304089
304091
303853
303855
303856
303858
303620
303622
303623
303625
303627
303389
303391
303392
303394
303156
303158
303159
303161
303162
302925
302926
302928
302929
302692
302693
302695
302697
302459
302461
302463
302464
302227
302228
302230
302231
301994
301995
301997
301998
301761
301762
301764
301766
301528
301530
301531
301533
301295
301297
301298
301300
301062
301064
301065
301067
300829
300831
300832
300834
300597
300598
300600
300601
300364
300365
300367
300368
300131
300132
300134
300135
299898
299899
299901
299902
299665
299667
299668
299670
299432
299434
299435
299437
299199
299201
299202
299204
298966
298968
298969
298971
298972
298735
298736
298738
298740
298502
298504
298505
298507
298269
298271
298272
298274
298036
298038
298039
298041
297803
297805
297807
297808
297571
297572
297574
297336
297338
297339
297341
297103
297105
297107
297108
296871
296872
296874
296875
296638
296639
296641
296642
296405
296407
296408
296171
296172
296174
296175
295938
295939
295941
295942
295705
295707
295708
295471
295472
295474
295475
295238
295239
295241
295243
295005
295007
295008
294771
294772
294774
294775
294538
294540
294541
294543
294305
294307
294308
294071
294073
294074
294076
293838
293840
293841
293843
293605
293607
293609
293371
293373
293374
293376
293138
293140
293142
292904
292906
292907
292909
292671
292673
292675
292676
292439
292440
292442
292204
292206
292208
292209
291972
291973
291975
291737
291739
291741
291742
291505
291506
291508
291270
291272
291274
291275
291038
291039
291041
290803
290805
290807
290808
290571
290572
290574
290336
290338
290340
290341
290104
290105
290107
289869
289871
289873
289635
289637
289638
289640
289402
289404
289406
289168
289170
289171
289173
288936
288937
288939
288701
288703
288704
288706
288469
288470
288472
288234
288236
288237
288000
288001
288003
288005
287767
287769
287770
287533
287534
287536
287537
287300
287302
287303
287066
287067
287069
286831
286833
286834
286836
286599
286600
286602
286364
286366
286367
286130
286131
286133
286135
285897
285899
285900
285663
285664
285666
285428
285430
285431
285194
285196
285197
285199
284961
284963
284964
284727
284728
284730
284492
284494
284496
284497
284260
284261
284263
284025
284027
284029
283791
283793
283794
283796
283558
283560
283561
283324
283326
283327
283090
283091
283093
282855
282857
282859
282860
282623
282624
282626
282388
282390
282392
282154
282156
282157
281920
281921
281923
281685
281687
281689
281451
281453
281454
281217
281218
281220
280983
280984
280986
280748
280750
280751
280514
280516
280517
280280
280281
280283
280045
280047
280049
279811
279813
279814
279577
279578
279580
279343
279344
279346
279108
279110
279112
278874
278876
278877
278879
278641
278643
278645
278407
278409
278410
278173
278175
278176
277939
277940
277942
277705
277706
277708
277470
277472
277474
277236
277238
277000
277002
277004
276766
276768
276769
276532
276534
276535
276298
276299
276301
276063
276065
276067
275829
275831
275832
275595
275597
275598
275361
275362
275364
275127
275128
275130
274892
274894
274896
274658
274660
274661
274424
274426
274427
274190
274191
273954
273956
273957
273720
273721
273723
273485
273487
273489
273251
273253
273254
273017
273019
273020
272783
272784
272547
272549
272550
272313
272314
272316
272079
272080
272082
271844
271846
271609
271610
271612
271374
271376
271378
271140
271142
270904
270906
270908
270670
270672
270673
270436
270438
270439
270202
270204
269966
269968
269969
269732
269734
269735
269498
269499
269262
269264
269265
269028
269030
269031
268794
268795
268797
268560
268561
268324
268326
268327
268090
268091
268093
267856
267857
267620
267622
267623
267386
267387
267389
267152
267153
266916
266917
266919
266682
266683
266685
266448
266449
266212
266213
266215
265977
265979
265981
265743
265745
265507
265509
265510
265273
265275
265276
265039
265040
265042
264804
264806
264568
264570
264572
264334
264336
264337
264100
264101
263864
263865
263867
263630
263631
263633
263395
263397
263159
263161
263163
262925
262927
262928
262691
262692
262455
262456
262458
262221
262222
262224
261986
261988
261750
261752
261753
261516
261518
261519
261282
261283
261046
261047
261049
260811
260813
260814
260577
260578
260341
260343
260344
260107
260108
260110
259872
259874
259875
259637
259639
259401
259403
259404
259167
259168
259170
258932
258933
258935
258697
258699
258700
258463
258464
258466
258228
258230
257992
257994
257995
257758
257759
257761
257523
257525
257287
257289
257290
257053
257055
256817
256819
256820
256583
256584
256347
256348
256350
256112
256114
256115
255878
255880
255642
255644
255645
255408
255409
255172
255173
255175
254937
254939
254701
254703
254705
254467
254469
254231
254233
254234
253997
253998
253761
253762
253764
253526
253528
253290
253292
253293
253056
253057
253059
252821
252823
252585
252587
252588
252351
252352
252115
252116
252118
251880
251882
251883
251646
251647
251410
251411
251413
251175
251177
250939
250941
250942
250705
250706
250469
250470
250471
250234
250235
250237
249999
250001
249763
249765
249766
249528
249530
249292
249294
249295
249058
249059
249060
248823
248824
248587
248588
248589
248352
248353
248354
248117
248118
247881
247882
247883
247646
247647
247649
247411
247412
247414
247176
247177
246940
246941
246942
246705
246706
246707
246470
246471
246472
246234
246236
246237
245999
246000
246001
245764
245765
245766
245528
245529
245530
245293
245294
245295
245057
245058
245059
244821
244822
244823
244824
244586
244587
244588
244350
244351
244353
244115
244116
244117
244118
243880
243881
243882
243644
243645
243646
243408
243409
243410
243172
243173
243174
243175
242937
242938
242939
242701
242702
242703
242465
242466
242467
242468
242230
242231
242232
242233
241995
241996
241997
241998
241760
241761
241523
241524
241525
241526
241288
241289
241290
241052
241053
241054
240816
240817
240818
240580
240581
240582
240583
240344
240345
240346
240347
240109
240110
239872
239634
239395
239157
238918
238679
238440
238201
237963
237724
237485
237246
237007
236769
236530
236291
236052
235813
235575
235336
235097
234858
234619
234381
234142
233903
233664
233425
233186
233187
232948
232709
232471
232232
232233
231994
231755
231517
231278
231040
231041
230803
230804
230566
230567
230329
230330
230331
230332
230333
230334
230335
230336
230337
230338
230339
230340
230341
230342
230343
230344
230345
230346
230347
230348
230349
230350
230351
230352
230353
230354
230355
230356
230357
230358
230359
230360
230361
230362
230363
230364
230365
230366
230367
230368
230369
230370
230609
230610
230849
230848
230609
230608
230609
230610
230849
230610
230611
230850
230851
230852
231091
231330
231569
231808
232047
232048
232049
