369617
369378
369617
369378
369617
369378
369617
369378
369617
369378
369617
369378
369617
369378
369617
369378
369617
369378
369617
369378
369617
369378
369617
369378
369617
369378
369617
369378
369617
369378
369617
369378
369617
369378
369617
369378
369617
369378
369377
369138
368899
368900
368661
368662
368423
368422
368183
368182
367943
367942
367703
367702
367463
367224
367223
366984
366983
366744
366743
366504
366503
366264
366025
366024
365785
366024
366025
366264
366503
366504
366743
366744
366983
366984
367223
367224
367463
367467
367706
367707
367946
368185
368186
368425
368426
368665
368666
368905
368906
369145
369384
369383
369382
369381
369380
369379
369378
369617
369378
369617
369378
369617
369378
369617
369378
369617
369378
369617
369378
369617
369378
369617
369378
369617
369378
369617
369378
369617
369378
369617
369378
369617
369378
369617
369378
369617
369378
369617
369378
369617
369378
369617
369378
369617
369378
369617
369378
369617
369378
369617
369378
369617
369378
369617
369378
369617
369378
369617
369378
369617
369378
369617
369378
369617
369378
369617
369378
369617
369378
369617
369378
369617
369378
369617
369378
369617
369378
369617
369378
369617
369378
369617
369378
369617
369378
369618
369378
369617
369378
369617
369378
369617
369378
369617
369616
369615
369617
369378
369617
369378
369617
369378
369617
369378
369617
369378
369617
369378
369617
369379
369380
369619
369380
369379
369618
369617
369378
369617
369378
369617
369378
369617
369378
369617
369378
369617
369378
369617
369378
369617
369378
369617
369378
369617
369378
369617
369378
369617
369378
369617
369378
369617
369378
369617
369378
369617
369378
369617
369378
369617
369378
369617
369378
369617
369378
369617
369378
369617
369378
369617
369378
369617
369378
369617
369378
369617
369378
369617
369378
369617
369378
369617
369378
369617
369378
369617
369378
369617
369378
369617
369378
369617
369378
369617
369378
369617
369378
369617
369378
369617
369378
369617
369378
369617
369378
369617
369378
369617
369378
369617
369378
369617
369378
369617
369378
369617
369378
369617
369378
369617
369378
369617
369378
369617
369378
369617
369378
369617
369378
369617
369378
369617
369378
369617
369378
369617
369378
369617
369378
369617
369378
369617
369378
369617
369378
369617
369378
369617
369378
369617
369378
369617
369378
369617
369378
369617
369378
369617
369378
369617
369378
369617
369378
369617
369378
369617
369378
369617
369378
369617
369378
369617
369378
369617
369378
369617
369378
369617
369378
369617
369378
369617
369378
369617
369378
369617
369378
369617
369378
369617
369378
369617
369378
369617
369378
369617
369378
369617
369378
369617
369378
369617
369378
369617
369378
