362457
362218
362456
362455
362454
362693
362692
362691
362452
362451
362450
362449
362448
362687
362686
362685
362684
362683
362682
362681
362680
362441
362202
362201
362200
362439
362678
362677
362678
362917
362916
362915
362916
362677
362916
362917
362678
362677
362678
362917
363156
363395
363156
362917
362678
362677
362678
362439
362200
361961
361722
361723
361484
361245
361006
361005
361004
361003
361002
361241
361240
361479
361240
361479
361240
361479
361478
361239
361238
360999
360998
360999
361238
361239
361478
361479
361240
361479
361240
361001
360762
