369378
369379
369380
369381
369382
369383
369145
369144
368905
368666
368665
368426
368425
368186
368185
367946
367945
367706
367225
367226
366987
367226
366987
367226
366987
367226
366987
367226
366987
367226
366987
367226
366987
367226
366987
367226
366987
366988
366987
367226
366987
367226
366987
367226
366987
366986
366987
367226
366987
366986
367225
367467
367706
367707
367946
368185
368186
368425
368426
368665
368666
368905
369145
369384
369383
369382
369381
369380
369379
369378
369617
369378
369617
369378
369617
369378
369617
369378
369617
369378
369617
369378
369617
369378
369617
369378
369617
369378
369617
369378
369617
369378
369617
369378
369617
369378
369617
369378
369617
369378
369617
369378
369617
369378
369617
369378
369617
369378
369617
369378
369617
369378
369617
369378
369617
369378
369617
369378
369617
369378
369617
369378
369617
369378
369617
369378
369617
369378
369617
369378
369617
369378
369617
369378
369617
369378
369617
369378
369617
369378
369617
369378
369617
369378
369617
369378
369617
369378
369617
369378
369617
369378
369617
369378
369617
369378
369617
369378
369617
369378
369617
369378
369617
369378
369617
369378
369617
369378
369617
369378
369617
369378
369617
369378
369617
369378
369617
369378
369617
369378
369617
369378
369617
369378
369617
369378
369617
369378
369617
369378
369617
369378
369617
