358625
358626
358387
358388
358627
358628
358389
358390
358629
358868
358869
359108
359347
359586
359825
360064
360303
360542
360543
360782
360783
361022
361261
361260
361499
361500
361499
361738
361977
362216
362455
362456
362217
362218
362457
362218
362219
362458
362459
362460
362461
362460
362221
362220
362219
362218
362217
361978
362217
362216
362215
361976
361975
362214
361975
361976
361975
362214
361976
361975
361976
361975
361976
361975
362214
361975
362214
361975
362214
361975
362214
361975
362214
361975
362214
361975
362214
361975
362214
361975
362214
361975
362214
361975
362214
361975
362214
361975
361976
361975
362214
361975
361976
361975
362214
361975
362214
361975
362214
361975
362214
361975
362214
361975
362214
361975
362214
361975
361976
361975
361976
361975
361976
361975
361976
361975
362214
361975
362215
362216
362217
361978
362217
362218
362219
362220
362221
362460
362461
