362199
362198
362197
362436
362675
362914
363153
362914
362915
362676
362437
362438
362439
362200
361961
361962
361723
361724
361723
361724
361723
361724
361485
361486
361725
361486
361725
361486
361725
361486
361487
361248
361249
361010
360771
360772
360771
360772
360771
360772
360771
360772
360771
360772
360771
360772
360771
361010
361249
361248
361487
361486
361485
361724
361723
361962
361961
361960
362199
362198
362197
362436
362675
362914
363153
363152
363391
363152
363391
363152
363391
363152
363153
363154
363155
363156
362917
362678
362439
362200
362201
362202
361963
361962
361723
361724
361485
361246
361247
361008
361007
360768
360529
360530
360291
360292
360053
360054
359815
359577
359338
359339
