362911
363391
362911
363391
362911
363391
362911
363391
362911
363391
362911
363630
362911
363630
362911
363391
362911
363391
362911
363391
362911
363391
362911
363391
362911
363391
362911
363391
362911
363391
362911
363391
362911
363391
362911
363391
362911
363391
362911
363391
362911
363391
362911
363630
362911
363630
362911
363630
362911
363391
362911
363391
362911
363391
362911
363391
362911
363391
362911
363391
362911
363630
362911
363630
362911
363630
362911
363391
362911
363391
362911
363630
362911
363391
362911
363391
362911
363391
362911
363630
362911
363391
362911
363391
362911
363391
362911
363391
362911
363391
362911
363391
362911
363391
362911
363391
362911
363391
362911
363391
362911
363391
362911
363630
362911
363630
362911
363630
362911
363630
362911
363630
362911
363630
362911
363391
362911
363630
362911
363630
362911
363630
362911
363630
362911
363630
362911
363630
362911
363630
362911
363630
362911
363391
362911
363391
362911
363391
362911
363391
362911
363391
362911
363391
362911
363391
362911
363391
362911
363391
362911
363391
362911
363391
362911
363391
362911
363391
362911
363391
362911
363391
362911
363391
362911
363391
362911
363630
362911
363630
362911
363630
362911
363630
362911
363630
362911
363630
362911
363630
362911
363630
362911
363630
362911
363630
362911
363630
362911
363630
362911
363630
362911
363630
362911
363630
362911
363630
362911
363630
362911
363391
362911
363391
362911
363391
362911
363391
362911
363391
362911
363630
362911
363391
362911
363391
362911
363391
362911
363630
362911
363630
362911
363630
362911
363630
362911
363630
362911
363630
362911
363630
362911
363630
362911
363630
362911
363391
362911
363391
362911
363391
362911
363391
362911
363391
362911
363630
362911
363630
362911
363630
362911
363630
362911
363391
362911
363391
362911
363391
362911
363630
362911
363630
362911
363630
362911
363630
363391
363630
363391
363630
363391
363630
363391
363630
363631
363630
363391
363630
363391
363630
363391
363152
363153
362914
362913
362912
363151
362912
362911
362671
362432
362433
362434
362435
362672
362435
362672
362435
362672
362435
362672
362435
362672
362435
362672
362435
362672
362435
362672
362436
362672
362436
362672
362436
362672
362436
362672
362436
362672
362436
362672
362436
362672
362436
362672
362436
362672
362436
362672
362197
362672
362197
362672
362197
362672
362197
362672
362198
362672
362198
362672
362198
362672
362198
362672
362198
362672
362198
362672
362198
362672
362198
362672
362198
362672
362198
362672
362198
362672
362198
362672
362198
362672
362198
362672
362198
362672
362198
362672
362198
362672
362198
362672
362198
362672
362198
362672
362198
362672
362198
362673
362198
362673
362199
362673
362199
362673
362199
362673
362199
362673
362199
362673
362199
362673
362199
362673
362199
362673
362199
362673
362199
362673
362199
362673
362199
362673
362199
362673
362199
362673
362199
362673
362199
362673
362199
362673
362199
362673
362199
362673
362199
362673
362199
362673
362199
362673
362199
362673
362199
362673
362199
362673
362199
362673
362199
362673
362199
362673
362199
362673
362199
362673
362199
362673
362199
362673
362199
362673
362199
362673
362199
362673
362199
362673
362199
362673
362199
362673
362199
362673
362199
362673
362199
362673
362199
362673
362199
362673
362199
362673
362199
362673
362199
362673
362199
362673
362199
362673
362199
362673
362199
362673
362199
362673
362199
362673
362199
362673
362199
362673
362199
362673
362199
362673
362199
362673
362199
362673
362199
362673
362199
362673
362199
362673
362199
362673
362199
362673
362199
362673
362199
362673
362199
362673
362199
362673
362199
362673
362199
362673
362199
362673
362199
362673
362199
362673
362199
362673
362199
362672
362199
362672
362199
362672
362199
362672
362199
362673
362199
362673
362199
362673
362199
362673
362199
362673
362199
362673
362199
362673
362199
362673
362199
362673
362199
362673
362199
362673
362199
362673
362199
362673
362199
362673
362199
362673
362199
362673
362199
362673
362199
362673
362199
362673
362199
362673
362199
362673
362199
362673
362199
362673
362199
362673
362199
362673
362199
362673
362199
362673
362199
362673
362199
362673
362199
362673
362199
362673
362199
362673
362199
362673
362199
362673
362199
362673
362199
362673
362199
362673
362199
362673
362199
362673
362199
362673
362199
362673
362199
362673
362199
362673
362199
362673
362199
362673
362199
362673
362199
362673
362199
362673
362199
362673
362199
362673
362199
362673
362199
362673
362199
362673
362199
362673
362199
362673
362199
362673
362199
362673
362199
362673
362199
362673
362199
362673
362199
362673
362199
362673
362199
362673
362199
362673
362199
362673
362199
362673
362199
362673
362199
362673
362199
362673
362199
362673
362199
362673
362199
362673
362199
362673
362199
362673
362199
362673
362199
362673
362199
362673
362199
362673
362199
362673
362199
362673
362199
362673
362199
362673
362199
362673
362199
362673
362199
362673
362199
362673
362199
362673
362199
362673
362199
362673
362199
362673
362199
362673
362199
362673
362199
362673
362199
362673
362199
362673
362199
362673
362199
362673
362199
362673
362199
362673
362199
362673
362199
362673
362199
362673
362199
362673
362199
362673
362199
362673
362199
362673
362199
362673
362199
362673
362199
362673
362199
362673
362199
362673
362199
362673
362199
362673
362199
362673
362199
362673
362199
362673
362199
362673
362199
362673
362199
362673
362199
362673
362199
362673
362199
362673
362199
362673
362199
362673
362199
362673
362199
362673
362199
362673
362199
362673
362199
362673
362199
362673
362199
362673
362199
362673
362199
362673
362199
362673
362199
362673
362199
362673
362199
362673
362199
362673
362199
362673
362199
362673
362199
362673
362199
362673
362199
362673
362199
362673
362199
362673
362199
362673
362199
362673
362199
362673
362199
362673
362199
362673
362199
362673
362199
362673
362199
362673
362199
362673
362199
362673
362199
362673
362199
362673
362199
362673
362199
362673
362199
362673
362199
362673
362199
362673
362199
362673
362199
362673
362199
362673
362199
362673
362199
362673
362199
362673
362199
362673
362199
362673
362199
362673
362199
362673
362199
362673
362199
362673
362199
362673
362199
362673
362199
362673
362199
362673
362199
362673
362199
362673
362199
362673
362199
362673
362199
362673
362199
362673
362199
362673
362199
362673
362199
362673
362199
362673
362199
362673
362199
362673
362199
362673
362199
362673
362199
362673
362199
362673
362199
362673
362199
362673
362199
362673
362199
362673
362199
362673
362199
362673
362199
362673
362199
362673
362199
362673
362199
362673
362199
362673
362199
362673
362199
362673
362199
362673
362199
362673
362199
362673
362199
362673
362199
362673
362199
362673
362199
362673
362199
362673
362199
362673
362199
362673
362199
362673
362199
362673
362199
362673
362199
362673
362199
362673
362199
362673
362199
362673
362199
362673
362199
362673
362199
362673
362199
362673
362199
362673
362199
362673
362199
362673
362199
362673
362199
362673
362199
362673
362199
362673
362199
362673
362199
362673
362199
362673
362199
362673
362199
362673
362199
362673
362199
362673
362199
362673
362199
362673
362199
362673
362199
362673
362199
362673
362199
362673
362199
362673
362199
362673
362199
362673
362199
362673
362199
362673
362199
362673
362199
362673
362199
362672
362199
362672
362199
362672
362199
362672
362199
362672
362199
362672
362199
362672
362199
362672
362199
362673
362199
362673
362199
362673
362199
362673
362199
362673
362199
362673
362199
362673
361960
362673
361960
362673
362672
362433
362432
362671
362199
362198
362197
362436
362435
362434
362433
362671
362432
362433
362434
362435
362436
362197
362198
362199
361960
361961
361723
361724
361725
361726
361725
361486
361485
361724
361723
361722
361961
361960
362199
362438
362437
362676
362915
362914
362913
362912
363151
362912
362911
362671
362432
362433
362434
362435
362436
362197
362198
361960
361961
361962
361723
361724
361725
361726
361965
362204
362443
362682
362921
363161
363162
363161
363160
363159
362920
362919
362918
362679
362678
362677
362916
362915
362914
362913
362912
363151
362912
362911
