362462
362461
362222
361983
361982
361983
362222
362461
362462
362461
362460
362221
362220
361981
361980
361979
361978
361977
361976
361977
361738
361499
361260
361261
361022
360783
360782
361021
360782
361021
360782
360783
361022
361261
361260
361021
361260
361259
361498
361259
361260
361021
361022
361261
361262
361023
361024
361025
361026
361027
361028
361267
361028
361027
361026
361265
361264
361265
361267
361028
361027
361026
361265
361026
361025
361024
361263
361262
361261
361499
361500
361499
361738
361977
361976
362215
362216
362217
361978
362217
362218
362219
362220
362221
362460
362461
362462
362461
362460
362221
362220
362219
362218
362217
361978
361977
361976
361975
361976
361977
361978
362217
362218
362219
362220
362221
362460
362461
362462
