358146
358145
358146
358384
358385
358146
358385
358146
358385
358384
358146
358145
358384
358145
358384
358145
358146
358145
358146
358145
358146
358145
358146
358145
358146
358145
358146
358145
358146
358145
358146
358145
358146
358145
358146
358145
358146
358145
358146
358145
358146
358145
358385
358384
358145
358384
358385
358384
358623
358622
358861
358862
359101
359100
359339
359338
359577
359815
360054
360053
360292
360291
360530
360529
360768
361008
361247
361246
361485
361724
361723
361963
362202
362441
362680
362919
363158
363397
363636
363875
364114
364353
364592
364831
365070
365309
365308
365309
365548
365787
365788
366027
366266
366505
366506
366746
366747
366987
366988
367227
367467
367706
367707
367946
368185
368186
368425
368426
368665
368666
368905
369145
369384
369383
369382
369621
369620
