360556
360317
360556
360555
360554
360553
360792
360791
360790
361029
361028
361267
361506
361745
361984
361985
361984
362223
362222
362221
362220
362219
361980
361981
361742
361743
361744
361983
362222
362461
362462
362461
362460
362459
362458
362457
362456
362457
362458
362459
362460
362461
362462
361977
362216
362455
362454
362455
362454
362693
362692
362691
362451
362450
362449
362448
362687
362686
362685
362684
362683
362682
362681
362680
362441
362202
362201
362200
362439
362200
362201
362202
362441
362680
362681
362682
362683
362684
362685
362686
362687
362448
362449
362450
362451
362452
362691
362692
362693
362454
362455
362456
362217
362218
362457
362218
362219
362458
362459
362460
362461
362462
