367226
367227
367226
367227
367226
367227
367226
367227
367226
367227
367226
367227
367226
367227
367226
367227
367226
367227
367226
367227
367226
367227
367226
367227
367226
367227
367226
367227
367226
367227
367226
367227
367226
367227
367226
367227
367226
367227
367228
366989
366990
366751
366752
366514
366275
366276
366277
366038
366039
365800
365562
365323
365084
364845
364606
364605
364606
364367
364128
363889
363888
363887
363886
363650
363411
363172
362933
362694
362455
362216
361977
361738
361499
361260
361261
361021
361020
361259
361257
361255
361487
361248
361250
361251
361252
361253
361493
361255
361256
361257
361018
361019
361020
361021
361261
361262
361023
361024
361025
361026
361027
361028
360790
360791
360552
360553
360554
360555
360316
360317
360556
360557
360556
360317
360556
360317
360556
360317
360556
360317
360318
360557
360318
360319
360080
360079
360318
360317
360318
360317
360318
360317
360318
360317
360318
360317
360318
360317
360318
360317
360318
360317
360318
360317
360316
360317
360316
360555
360554
360553
360791
360790
361029
361028
361027
361026
361025
361024
361263
361262
361261
361499
361500
361499
361738
361977
362216
362455
362694
362933
363172
363411
363650
