362215
361976
361975
361976
361975
361976
361975
361976
361975
362214
361975
361737
361498
361259
361498
361259
361498
362214
361975
362214
361975
362214
361975
362214
362215
362214
361975
362214
361975
362214
361975
362214
361975
362214
361975
362214
362215
361975
362214
361975
362214
361975
362214
361975
362214
361975
362214
361975
362214
361975
361976
361975
362214
361975
361976
361975
361976
361975
362214
361975
362214
361975
362214
361975
362214
362215
362216
362217
361978
362217
362218
362219
362458
362697
362698
362937
362698
362699
362460
362221
