363161
363160
363161
363160
362921
362682
362681
362680
362441
362202
361963
361962
361723
361724
361485
361246
361247
361008
361007
360768
360529
360530
360291
360292
360053
360054
359815
359577
359338
359339
359100
359101
358862
358861
358622
358623
358384
358145
357906
357667
357666
357427
357428
357429
357190
357429
357190
357429
357190
357429
357428
357427
357666
357667
357906
358145
358384
358623
358622
358861
358862
359101
359100
359339
359338
359577
359815
360054
360053
360292
360291
360530
360529
360768
361007
361008
361247
361246
361485
361486
361485
361724
361723
361962
361963
362202
362441
362680
362681
362682
362921
363161
363400
363639
363878
364117
364356
364595
364356
364355
364116
364117
364116
364355
364356
364595
364356
364595
364356
364595
364356
364595
364356
364595
364356
364595
364356
364595
364356
364595
364356
364355
364116
363877
363638
363399
363160
363161
