363648
363649
363650
363411
363172
362933
362694
362455
362216
361977
361738
361499
361260
361261
361260
361021
361020
361259
361020
361019
361018
361257
361256
361255
361494
361493
361253
361252
361251
361490
361489
361487
361486
361485
361246
361247
361008
361007
360768
360529
360530
360291
360292
360053
360054
359815
359576
359577
359338
359339
359100
359101
358862
358863
358862
358863
358862
358863
358862
358863
358862
359101
359100
359339
359338
359577
359815
360054
360053
360292
360291
360530
360529
360768
361008
361247
361246
361485
361486
361487
361248
361487
361489
361490
361251
361252
361253
361493
361494
361255
361256
361257
361018
361019
361020
361021
361022
361261
361260
361499
361500
361499
361738
361977
362216
362455
362694
362933
363172
363411
363650
363411
363650
363649
363648
