361724
361725
361726
361725
361724
361723
361722
361961
361960
362199
362198
362197
362436
362435
362434
362433
362432
362671
362911
362912
363151
362912
362913
362914
363153
363392
363153
362914
362913
362912
363151
362912
362911
362671
362432
362433
362434
362435
362436
362197
362198
361959
361960
361961
361722
361723
361484
361485
361486
361725
361726
361725
361964
361965
361964
361965
361964
361965
361964
361965
361964
361963
361724
361963
361724
361964
361963
361724
361963
361724
361963
361724
361963
361724
361963
361724
361963
361724
361963
361724
361963
361724
361963
361962
361961
361960
362199
362198
362197
362436
362435
362434
362433
362432
362671
