362204
362443
362204
361965
361964
361725
361486
361487
361486
361248
361487
361489
361250
361251
361252
361253
361493
361255
361256
361257
361018
361019
361020
361021
361260
361259
361498
361736
361975
361736
361975
361736
361980
359349
359350
359351
359590
359829
359828
360067
360306
360545
360784
360783
361022
361261
361499
361500
361499
361738
361977
361978
361979
361980
361979
361978
361977
361976
361977
361738
361499
361260
361261
361260
361021
361020
361259
361020
361019
361018
361257
361256
361255
361494
361493
361253
361252
361251
361490
361489
361487
361486
361725
361964
361963
361964
362203
362204
