369620
369621
369622
369621
369382
369383
369384
369145
369144
368905
368666
368665
368426
368425
368186
368185
367946
367945
367706
367467
367468
367469
367470
367709
367948
367949
367948
367949
367948
367949
367710
367471
367470
367469
367468
367467
367468
367469
367470
367709
367948
367949
367948
367949
367948
367709
367470
367469
367468
367467
367942
367943
368182
368183
368422
368423
368662
368663
368902
368903
369142
369143
369382
369381
369382
369381
369380
369379
369378
369377
369376
369375
369136
368897
368658
368659
368658
368897
369136
369375
369376
369377
369378
369379
369378
369617
369618
369379
369380
369619
369620
369618
369619
369380
369379
369618
369617
369378
369377
369378
369139
369378
369379
369380
369381
369382
369621
369620
369856
369617
369378
369377
369376
369375
369136
368897
368658
