362671
362432
362433
362434
362435
362436
362197
362198
362199
362200
362201
362202
362441
362680
362919
363158
363397
363636
363875
364114
364113
364114
364353
364592
364831
365070
365309
365308
365309
365310
365311
365310
365309
365308
365307
365068
365067
365068
365067
365068
365067
365068
365067
365068
365067
365068
365067
365068
365067
365068
365067
365068
365067
365068
365067
365068
365067
365068
365067
365068
365067
365068
365067
365068
365067
365068
364829
364828
364589
364350
364111
364110
363871
363870
363631
363392
363153
362914
362913
362912
363151
362912
362911
362912
363151
362912
362913
362914
362915
362916
362677
362678
362679
362918
362919
362920
362921
363160
363159
362920
362919
362918
362679
362678
362677
362916
362915
362914
362913
362912
363151
362912
362911
