370098
370099
370338
370339
370340
370341
370580
370581
370820
371059
371060
371299
371538
371777
372016
372255
372254
372493
372732
372971
373210
372971
372732
372493
372254
372255
372016
371777
371538
371299
371060
371059
370820
370581
370580
370341
370340
370339
370338
370099
370098
369620
369621
369622
369861
369622
369621
369620
368904
369143
369382
369383
369622
369621
369622
369621
369620
370098
370099
370338
370339
370578
370817
370818
370817
370818
370817
370818
370817
370578
370339
370338
370099
370098
369856
369617
369378
369377
369138
368899
368900
368661
368662
368423
368422
368183
368182
367943
367942
367225
366986
367225
366986
366747
366746
366745
366506
366505
366266
366027
365788
365787
365548
365309
365308
365070
365069
365070
364831
364592
364353
364113
363874
363875
363874
363873
363872
363871
363632
363393
363154
363153
363152
363153
363154
363155
363156
363157
363158
363397
363636
363875
364114
364353
364592
364831
365070
365309
365308
365309
365548
365787
365788
366027
366266
366505
366506
366746
366747
366748
366987
366986
367225
366986
366987
