358861
358860
359099
359098
359337
359336
359575
359574
359813
359812
360051
360050
360289
360528
360767
361006
361245
361484
361723
361722
361961
362200
362439
362678
362917
363156
363395
363635
363636
363397
363158
362919
362680
362441
362442
362443
362204
361965
362204
362443
362682
362683
362684
362685
362686
362687
362448
362449
362450
362451
362452
362691
362692
362693
362454
362455
362456
362217
362218
362219
362458
362219
362218
362217
362456
362455
362454
362693
362692
362691
362452
362451
362450
362449
362448
362687
362686
362685
362684
362683
362682
362443
362204
361965
361964
361963
362202
362441
362680
362919
363158
363397
363398
363397
363636
363635
363634
363395
363156
362917
362678
362439
362200
361961
361722
361723
361484
361245
361006
360767
360528
360289
360050
360051
359812
359813
359574
359575
359336
359337
359098
359099
358860
358861
358860
359099
359098
359337
359336
359575
359574
359813
359812
360051
360050
360289
360528
360767
361006
361245
361484
361723
361722
361961
362200
362439
362678
362917
363156
363395
363634
363395
363394
363155
363154
363153
363152
363153
363154
