362911
362671
362432
362433
362434
362435
362436
362197
362198
361959
361960
361961
361722
361723
361484
361485
361486
361487
361248
361487
361489
361490
361251
361252
361253
361493
361255
361016
361017
360778
361017
361016
361255
361494
361493
361253
361252
361251
361490
361489
361487
361486
361485
361724
361723
361963
362202
362441
362680
362919
363158
363397
363636
363875
363874
363873
363872
363633
363632
363393
363392
363153
362914
362913
362912
363151
362912
362911
362671
362432
362433
362434
362435
362436
362197
362198
361960
361961
361962
361723
361724
361725
361726
361725
361724
361723
361722
361961
361960
362199
362198
362197
362436
362435
362434
362433
362672
362911
