359815
359814
359815
359814
359815
359814
359815
359814
359815
359814
359815
359814
359815
359814
359815
359814
359815
359814
359815
359814
359815
359814
359815
359814
359815
359814
359815
359814
359815
359814
359815
359814
359815
359814
359815
359814
359815
359814
359815
359814
359815
359814
359815
359814
359815
359814
359815
359814
359815
359814
359815
359814
359815
359814
359815
359814
359815
359814
359815
359814
359815
359814
359815
359814
359815
359814
359815
359814
359815
359814
359815
359814
359815
359814
359815
359814
359815
359814
359815
359814
359815
359814
