362673
362674
362675
362676
362437
362438
362439
362200
362201
362202
362441
362680
362919
363158
363397
363636
363637
363636
363637
363398
363397
363636
363875
364114
364353
364592
364831
365070
365309
365308
365309
365548
365787
365788
366027
366266
366505
366506
366746
366747
366748
366987
366986
366985
366984
366983
366982
366981
367220
367459
367220
366981
366742
366503
366264
366265
366266
366027
365788
365787
365548
365309
365308
365309
365070
365069
365070
364831
364592
364353
364114
364113
364114
364113
363874
363875
363636
363397
363398
363397
363398
363397
363636
363397
363636
363635
363634
363395
363156
362917
362678
362439
362200
362439
