363650
363411
363172
362933
362694
362455
362454
362455
362456
362217
362218
362219
362220
362221
362222
361983
361982
361983
361982
361983
361982
361983
361982
361983
361982
361983
361982
361983
361982
361983
361982
361983
361982
361983
361982
361983
361982
361983
361982
361983
362222
362221
361982
362221
361982
362221
361982
362221
361982
362221
361982
362221
361982
362221
361982
362221
361982
362221
361982
362221
361982
362221
362220
362219
362220
362219
362220
362219
362220
362219
362220
362219
362218
362217
362456
362455
362694
362933
363172
363411
363650
363411
363886
363887
364126
364125
364126
364365
364604
364605
364844
364845
365084
364845
364844
364605
364366
364365
364604
364843
365082
365081
365320
365321
365322
365323
365324
365325
365324
365323
365562
365801
365800
366039
366038
366277
366276
366275
366514
366753
366752
366751
366990
366989
367228
367227
367228
367467
367706
367707
367946
368185
368186
368425
368426
368665
368666
368905
368906
369145
369384
369383
369382
369383
369382
369383
369384
369145
369144
369143
368904
368903
368902
368663
368662
368423
368424
368425
368186
368185
367946
367706
367467
367466
367227
366989
366990
366751
366752
366514
366275
366276
366277
366038
366039
365800
365801
365562
365323
365084
364845
364606
364605
364606
364367
364128
364129
363889
363650
363411
363650
