357429
357428
357427
357666
357667
357666
357667
357906
358145
358384
358623
358622
358861
358862
359101
359100
359339
359338
359577
359815
360054
360053
360292
360291
360530
360529
360768
361007
361008
361247
361246
361485
361724
361723
361963
362202
362441
362680
362681
362682
362921
363160
363161
363162
363163
363402
363403
363402
363163
363162
363161
363160
362921
362682
362681
362680
362441
362202
361963
361962
361723
361724
361485
361246
361247
361008
361007
360768
360529
360530
360291
360292
360053
360054
359815
359577
359338
359339
359100
359101
358862
358861
358622
358623
358384
358145
357906
357667
357666
357427
357428
357429
357190
357429
357190
357191
356952
356713
356714
356475
356714
356713
356952
357191
357190
357429
357190
357429
357428
357427
357666
357667
357906
358145
358384
358623
358622
358861
358862
359101
359100
359339
359338
359577
359815
360054
360053
360292
360291
360530
360529
360768
361007
361008
361247
361246
361485
361724
361723
361963
362202
362441
362680
362681
362682
362921
363160
363161
363162
363163
363402
363403
363402
363163
363162
