361264
361025
361024
361023
360784
360783
361022
361023
361262
361263
361502
361503
361742
361981
362220
362459
362460
362461
362460
362221
362220
362219
362218
362217
361978
362217
362216
362215
362214
361975
361976
361975
361976
361975
361976
361975
361976
361975
361976
361975
361976
361975
361976
361975
361976
361975
361976
361975
361976
361975
361976
361975
361976
361975
362214
361975
362214
361975
362214
361975
362214
361975
362214
361975
362214
362215
361976
362214
361975
362214
361975
362214
361975
362214
361975
362214
361975
362214
361975
362214
361975
362214
361975
362214
361975
362214
361975
361976
361975
361976
361975
361976
361975
361976
361975
361976
361975
361976
361975
361976
361975
361976
361975
362214
362459
362698
362937
362698
362459
