56143
56382
56621
56860
57099
57098
57337
57576
57815
57816
58055
58294
58533
58534
58533
58534
58533
58534
58533
58534
58533
58534
58533
58534
58533
58534
58533
58534
58533
58534
58533
58534
58533
58534
58533
58534
58533
58294
58533
58534
58533
58534
58533
58294
58293
58292
58291
58290
58291
58292
58293
58294
58055
58056
58295
58056
58055
58294
58293
58292
58291
58290
58289
58050
58049
57810
57809
57808
57807
57806
57567
57566
57565
57564
57325
57324
57085
56846
56845
56606
56367
56366
56127
56126
55887
55886
55647
55646
55645
55406
55405
55166
54926
54925
54924
54923
54922
55161
55160
55399
55398
55637
55636
55635
55874
55635
55634
55873
55634
55633
55632
55392
55391
55392
55631
55392
55391
55630
55391
55630
55391
55630
55391
55390
55151
55390
55151
55150
55389
55150
55151
55390
55151
55390
55391
55630
55391
55392
55631
55392
55391
55392
55632
55633
55634
55873
55634
55635
55874
55635
55636
55637
55398
55399
55160
55161
54922
54923
54924
54925
54926
55166
55405
55406
55645
55646
55647
55886
55887
56126
56127
56366
56367
56606
56845
56846
57085
57324
57325
57564
57565
57566
57567
57806
57807
57808
57809
57810
58049
58050
58289
58290
58291
58292
58293
58294
58533
58534
58535
58774
58775
59014
59253
59254
59493
59492
59731
59730
59969
60207
60446
60685
60686
60685
60924
60925
61164
61403
61164
61165
61404
61643
61882
62121
62120
62121
62120
62121
62120
62359
62120
62121
62360
62599
62838
63077
63316
63317
63556
63555
63794
64033
64034
64035
64274
64275
64514
64515
64755
64994
65233
65234
65233
64994
64755
64994
65233
65234
65473
65474
65713
65952
66191
66192
66193
66192
66431
66432
66671
66670
66909
66908
67147
67146
67145
67384
67383
67622
67621
67860
67859
67858
67857
67856
68095
68334
68333
68332
68571
68810
68809
69048
69287
69526
69525
69764
69763
70002
70241
70480
70481
70720
70721
70960
70961
70962
71201
71440
71679
71678
71917
