362911
362912
363151
362912
362913
362914
363153
363392
363393
363632
363871
364110
364349
364588
364589
364590
364591
364592
364591
364590
364351
364590
364591
364592
364591
364592
364591
364590
364589
364350
364111
364110
363871
363870
363631
363392
363153
362914
362913
362912
363151
362912
362911
362912
363151
362912
362913
362914
363153
363392
363631
363870
363871
364110
364111
364350
364589
364350
364589
364350
364589
364350
364589
364350
364111
364110
363871
363870
363631
363392
363153
362914
362913
362912
363151
362912
362911
