362202
362441
362680
362681
362682
362921
363160
363161
363160
363159
363158
363157
363156
362917
362678
362439
362200
362439
362200
362439
362678
362917
363156
363395
363634
363635
363636
363875
363636
363875
363636
363875
363636
363875
363636
363875
363636
363875
363636
363875
363636
363875
363636
363875
363636
363875
363636
363875
363636
363875
363636
363635
363634
363395
363156
362917
362678
362439
362200
362439
362438
362437
362676
362675
362674
362673
362674
362675
362676
362437
362438
362439
362200
362201
362202
362441
362680
362919
363158
363397
363636
363875
364114
364353
364592
364831
365070
365309
365308
365309
365548
365787
365788
365787
365786
365785
366024
366023
366262
366261
