362916
362677
362916
362915
362676
362437
362438
362439
362200
362201
362202
362441
362680
362919
363158
363397
363636
363875
364114
363875
363636
363397
363636
363635
363634
363395
363156
362917
362678
362439
362200
362439
362438
362437
362676
362675
362674
362673
362674
362675
362676
362437
362438
362439
362438
362437
362676
362915
362676
362915
362676
362915
362676
362915
362916
362915
362676
362915
362676
362915
362676
362915
362676
362915
362676
362915
362676
362915
362676
362915
362676
362915
362676
362915
362676
362915
362676
362915
362676
362915
362676
362915
362676
362915
362676
362915
362676
362915
362676
362915
362676
362915
362676
362915
362676
362915
362676
362915
362676
362915
362676
362915
362676
362915
362676
362915
362676
362915
362676
362915
362676
362915
362676
362915
362676
362915
362676
362915
362676
362915
362676
362915
362916
362677
362678
362439
362200
362201
362202
361963
361962
361723
361724
361485
361486
361725
361724
361725
361726
361727
361726
361725
361486
361487
361488
361487
361726
361487
361486
361725
361724
361723
361962
361961
362200
362199
362438
362437
362676
362677
362676
362437
362438
