363161
363160
362921
362682
362683
362684
362685
362686
362687
362448
362449
362450
362451
362691
362692
362693
362454
362455
362456
362217
362218
362457
362218
362219
362458
362459
362460
362699
362938
362937
362938
362699
362460
362459
362458
362219
362218
362457
362218
362217
362456
362455
362454
362693
362692
362691
362451
362450
362449
362448
362687
362686
362685
362684
362683
362682
362921
363160
363161
362921
362682
362681
362680
362441
362202
361963
361962
361723
361724
361485
361246
361247
361008
361007
360768
360529
360530
360291
360292
360053
360054
359815
359577
359338
359339
359100
359101
358862
358861
358622
358623
358384
358145
357906
357667
357666
357427
357428
357429
357190
357429
