361486
361485
361724
361723
361962
361963
362202
362201
362200
362439
362678
362677
362916
362915
362914
362913
362912
363151
362912
362911
362912
363151
362912
362913
362914
363153
363152
363391
363390
363629
363630
363631
363870
363631
363392
363153
362914
362913
362912
363151
362912
362911
362672
362433
362672
362671
362432
362671
362432
362433
362434
362435
362436
362675
362914
363153
363152
363151
363390
363629
363390
363151
363152
363153
362914
362915
362916
362677
362678
362439
362200
362201
362200
362439
362678
362917
362916
362915
363154
362915
363154
362915
363154
362915
363154
362915
363154
362915
363154
362915
363154
362915
363154
362915
363154
362915
363154
362915
363154
363153
362914
362913
362912
363151
362912
362911
362672
362911
