362461
362460
362221
361982
361743
361742
361503
361264
361025
361026
361027
361028
360790
360791
360552
360551
360550
360789
360790
360551
360790
360551
360790
360551
360790
360551
360790
360551
360790
360551
360790
360551
360790
360789
360550
360551
360791
360790
361029
361028
361267
361506
361745
361985
361986
362225
362226
362465
362464
362463
362222
361983
362222
362221
362220
361981
361742
361503
361264
361503
361502
361741
361980
362219
362458
362219
362218
362217
362456
362217
362456
362455
362454
362693
362692
362691
362452
362451
362450
362449
362448
362687
362686
362685
362684
362683
362682
362681
362680
362441
362202
362201
362200
361961
361960
