369856
369617
369378
369377
369138
368899
368900
368661
368662
368423
368422
368183
368182
367943
367942
367467
367706
367946
368185
368186
368425
368426
368665
368666
368905
369145
369384
369383
369382
369383
369384
369145
369144
368905
369144
369145
369384
369145
369144
368905
368666
368665
368426
368425
368186
368185
367946
367706
367467
367466
367227
366988
366987
366986
366747
366746
366506
366505
366266
366027
365788
365787
365548
365309
365308
365309
365070
365069
365070
364831
364592
364353
364113
364114
364113
363874
363875
363636
363397
363158
362919
362680
362441
362202
361963
361962
361963
361964
361963
361962
361963
362202
362441
362680
362919
363158
363159
362920
363159
363158
363397
363636
363875
364114
364353
364592
364831
365070
365309
365308
365309
365548
365787
365788
366027
366266
366505
366506
366507
366746
366747
366986
366987
366988
367227
367467
367706
367946
368185
368186
368425
368426
368665
368666
368905
369145
369384
369383
369382
369381
369380
369379
369378
369617
369378
369617
369378
369617
369378
369617
