345796
346035
346274
346513
346512
346511
346750
346749
346988
346987
347226
347225
346986
346985
346746
346985
347224
347225
347464
347703
347702
347941
347940
347939
348178
348177
348416
348415
348654
348893
349132
349131
349370
349609
349848
349847
350086
350085
350084
350323
350562
350561
350800
350799
350798
351037
351036
351035
351274
351035
351034
351033
351032
351031
351030
351029
351028
351267
351266
351265
351264
351503
351502
351501
351500
351499
351260
351259
351258
351019
351018
351017
351016
351015
351254
351253
351252
351251
351250
351249
351488
351726
351725
351964
351963
351962
351961
351960
351959
352198
352197
352196
352195
352194
352433
352432
352431
352430
352429
352428
352427
352426
352665
352664
352903
353141
353380
353379
353618
353617
353616
353855
353854
353853
354092
354091
354090
354089
354088
354327
354326
354325
354564
354563
354562
354561
354560
354559
354558
354319
354318
354317
354078
354317
354556
354557
354796
355035
355274
355513
355752
355991
356230
356469
356708
356947
357186
357187
357426
357427
357666
357667
357906
358145
358384
358623
358622
358861
358862
359101
359100
359339
359338
359577
359816
359815
360054
360053
360292
360291
360530
360529
360768
361007
361008
361247
361246
361485
361724
361723
361963
362202
362201
362202
361963
361962
361723
361724
361485
361486
361487
361250
361251
361252
361253
361492
361493
361494
361255
361256
361257
361018
361019
361020
361021
361260
361259
361498
361737
361976
