361736
361737
361498
361259
361260
361021
361022
360783
360782
360543
360542
360303
360064
359825
359586
359347
359348
359109
359348
359349
359348
359109
359348
359109
359348
359347
359586
359825
360064
360303
360542
360543
360782
360783
361022
361261
361260
361499
361500
361499
361738
361977
361978
361979
361980
361979
361978
361977
362216
362455
362694
362933
363172
363411
363650
363889
363890
364129
364128
364367
364368
364367
364368
364367
364128
364129
363889
363650
363411
363172
362933
362694
362455
362454
362693
362692
362691
362452
362451
362450
362449
362448
362687
362686
362685
362684
362683
362444
362205
362206
362445
362206
362205
362204
361965
362204
362443
362204
