259126
259125
259126
259125
259126
259125
259126
259127
259128
259129
258890
258891
258652
258413
258174
257935
257696
257695
257456
257455
257216
257215
256976
256975
256736
256737
256738
256737
256738
256737
256738
256737
256736
256497
256258
256259
256020
255781
255780
255541
255540
255301
255302
255063
255062
254823
254822
255061
254822
254823
255062
255063
255302
255301
255540
255541
255780
255781
256020
256259
256258
256497
256736
256975
256976
257215
257216
257455
257456
257695
257696
257935
258174
258413
258652
258891
258652
258891
258890
259129
259128
259127
259126
