369379
369380
369381
369382
369383
369384
369145
369144
368905
368666
368665
368426
368425
368186
368185
367946
367706
367467
367468
367469
367470
367709
367948
367709
367470
367469
367468
367467
367706
367467
367706
367467
367706
367467
367466
367227
366988
366987
366986
366747
366746
366506
366505
366266
366027
365788
365787
365548
365309
365308
365309
365070
364831
364592
364353
364114
364113
364114
364113
363875
363636
363397
363158
362919
362680
362441
362202
361963
361962
361723
361724
361485
361246
361247
361008
361007
360768
360529
360530
360291
360292
360053
360054
359815
359577
359338
359339
359100
359101
358862
358861
358622
358623
358384
358383
358382
358381
358142
358141
357902
357903
357902
357903
357902
357903
357902
357903
357902
357903
357902
357903
357902
117028
116789
116790
148848
148609
148370
148371
148372
148373
148374
148375
148136
148137
147898
147660
147421
147422
147183
146944
146945
146706
146467
146228
145989
145749
145750
145751
145752
145514
145275
145036
144797
144798
144559
144321
144083
144084
143845
143846
143607
143608
143369
143130
142891
142890
142891
142890
142891
142890
142891
142890
142891
142890
142891
142890
142891
142890
142891
142890
142891
142890
142891
142890
142891
142890
142891
142890
143130
142890
143130
142890
143130
142890
143130
142890
143130
142890
143130
142890
143130
142890
143130
142890
143130
142890
143130
142890
143130
142890
143130
142890
143130
142890
143130
142890
143130
142890
143130
142890
143130
142890
143130
142890
143130
142890
143130
142890
143130
142890
143130
142890
143131
142890
143131
142890
143131
142890
143131
142890
143131
142890
143130
142890
143130
142890
143130
142890
143369
142890
143369
142890
143369
142890
143369
142890
143369
142890
143369
142890
143369
142890
143369
142890
143369
142890
143608
142890
143607
142890
143607
142890
143607
142890
143607
142890
143607
142890
143607
142890
143607
142890
143607
142890
143846
142890
143845
142890
143845
142890
143845
142890
143845
142890
143845
142890
143845
142890
143845
142890
143845
142890
144084
142890
144083
142890
144083
142890
144083
142890
144083
142890
144083
142890
144083
142890
144083
142890
144083
142890
144321
142890
144321
142890
144321
142890
144321
142890
144321
142890
144321
142890
144321
142890
144321
142890
144321
142890
144559
142890
144559
142890
144559
142890
144559
142890
144559
142890
144559
142890
144559
142890
144559
142890
144798
142890
144798
142890
144798
142890
144798
142890
144798
142890
144798
142890
144798
142890
145036
142890
145036
142890
145036
142890
145036
142890
145036
142890
145036
142890
145036
142890
145036
142890
145036
142890
145275
142890
145275
142890
145275
142890
145275
142890
145275
142890
145275
142890
145275
142890
145275
142890
145514
142890
145514
142890
145514
142890
145514
142890
145514
142890
145514
142890
145514
142890
145514
142890
145514
142890
145514
142890
145514
142890
145753
142890
145514
142890
145514
142890
145514
142890
145514
142890
145753
142890
145752
142890
145752
142890
145752
142890
145752
142890
145752
142890
145752
142890
145752
142890
145751
142890
145751
142890
145751
142890
145751
142890
145751
142890
145751
142890
145751
142890
145750
142890
145750
142890
145750
142890
145750
142890
145750
142890
145750
142890
145750
142890
145750
142890
145989
142890
145989
142890
145989
142890
145989
142890
145989
142890
145989
142890
145989
142890
145989
142890
145989
142890
145989
142890
146228
142890
146228
142890
146228
142890
146228
142890
146228
142890
146228
142890
146228
142890
146228
142890
146228
142890
146228
142890
146228
142890
146228
142890
146228
142890
146228
142890
146228
142890
146228
142890
146228
142890
146228
142890
146228
142890
146228
142890
146228
142890
146228
142890
146228
142890
146228
142890
146228
142890
146228
142890
146228
142890
146228
142890
146228
142890
146228
142890
146228
142890
146228
142890
146228
142890
146228
142890
146228
142890
146228
142890
146228
142890
146228
142890
146228
142890
146228
142890
146228
142890
146228
142890
146228
142890
146228
142890
146228
142890
146228
142890
146228
142890
146228
142890
146228
142890
146228
142890
146228
142890
146228
142890
146228
142890
146228
142890
146228
142890
146228
142890
146228
142890
146228
142890
146228
142890
146228
142890
146228
142890
146228
142890
146228
142890
146228
142890
146228
142890
146228
142890
146228
142890
146228
142890
146228
142890
146228
142890
146228
142890
146228
142890
146228
142890
146228
142890
146228
142890
146228
142890
146228
142890
146228
142890
146228
142890
146228
142890
146228
142890
146228
142890
146228
142890
146228
142890
146228
142890
146228
142890
146228
142890
146228
142890
146228
142890
146228
142890
146228
142890
146228
142890
146228
142890
146228
142890
146228
142890
146228
142890
146228
142890
146228
142890
146228
142890
146228
142890
146228
142890
146228
142890
146228
142890
146228
142890
146228
142890
146228
142890
146228
142890
146228
142890
146228
142890
146228
142890
146228
142890
146228
142890
146228
142890
146228
142890
146228
142890
146228
142890
146228
142890
146228
142890
146228
142890
146228
142890
146228
142890
146228
142890
146228
142890
146228
142890
146228
142890
146228
142890
146228
142890
146228
142890
146228
142890
146228
142890
146228
142890
146228
142890
146228
142890
146228
142890
146228
142890
146228
142890
146228
142890
146228
142890
146228
142890
146228
142890
146228
142890
146228
142890
146228
142890
146228
142890
146228
142890
146228
142890
146228
142890
146228
142890
146228
142890
146228
142890
146228
142890
146228
142890
146228
142890
146228
142890
146228
142890
146228
142890
146228
142890
146228
142890
146228
142890
146228
142890
146228
142890
146228
142890
146228
142890
146228
142890
146228
142890
146228
142890
146228
142890
146228
142890
146228
142890
146228
142890
146228
142890
146228
142890
146228
142890
146228
142890
146228
142890
146228
142890
146228
142890
146228
142890
146228
142890
146228
142890
146228
142890
146228
142890
146228
142890
146228
142890
146228
142890
146228
142890
146228
142890
146228
142890
146228
142890
146228
142890
146228
142890
146228
142890
146228
142890
146228
142890
146228
142890
146228
142890
146228
142890
146228
142890
146228
142890
146228
142890
146228
142890
146228
142890
146228
142890
146228
142890
146228
142890
146228
142890
146228
142890
146228
142890
146228
142890
146228
142890
146228
142890
146228
142890
146228
142890
146228
142890
146228
142890
146228
142890
146228
142890
146228
142890
146228
142890
146228
142890
146228
142890
146228
142890
146228
142890
146228
142890
146228
142890
146228
142890
146228
142890
146228
142890
146228
142890
146228
142890
146228
142890
146228
142890
146228
142890
146228
142890
146228
142890
146228
142890
146228
142890
146228
142890
146228
142890
146228
142890
146228
142890
146228
142890
146228
142890
146228
142890
146228
142890
146228
142890
146228
142890
146228
142890
146228
142890
146228
142890
146228
142890
146228
142890
146228
142890
146228
142890
146228
142890
146228
142890
146228
142890
146228
142890
146228
142890
146228
142890
146228
142890
146228
142890
146228
142890
146228
142890
146228
142890
146228
142890
146228
142890
146228
142890
146228
142890
146228
142890
146228
142890
146228
142890
146228
142890
146228
142890
146228
142890
146228
142890
146228
142890
146228
142890
146228
142890
146228
142890
146228
142890
146228
142890
146228
142890
146228
142890
146228
142890
146228
142890
146228
142890
146228
142890
146228
142890
146228
142890
146228
142890
146228
142890
146228
142890
146228
142890
146228
142890
146228
142890
146228
142890
146228
142890
146228
142890
146228
142890
146228
142890
146228
142890
146228
142890
146228
142890
146228
142890
146228
142890
146228
142890
146228
142890
146228
142890
146228
142890
146228
142890
146228
142890
146228
142890
146228
142890
146228
142890
146228
142890
146228
142890
146228
142890
146228
142890
146228
142890
146228
142890
146228
142890
146228
142890
146228
142890
146228
142890
146228
142890
146228
142890
146228
142890
146228
142890
146228
142890
146228
142890
146228
142890
146228
142890
146228
142890
146228
142890
146228
142890
146228
142890
146228
142890
146228
142890
146228
142890
146228
142890
146228
142890
146228
142890
146228
142890
146228
142890
146228
142890
146228
142890
146228
142890
146228
142890
146228
142890
146228
142890
146228
142890
146228
142890
146228
142890
146228
142890
146228
142890
146228
142890
146228
142890
146228
142890
146228
142890
146228
142890
146228
142890
146228
142890
146228
142890
146228
142890
146228
142890
146228
142890
146228
142890
146228
142890
146228
142890
146228
142890
146228
142890
146228
142890
146228
142890
146228
142890
146228
142890
146228
142890
146228
142890
146228
142890
146228
142890
146228
142890
146228
142890
146228
142890
146228
142890
146228
142890
146228
142890
146228
142890
146228
142890
146228
142890
146228
142890
146228
142890
146228
142890
146228
142890
146228
142890
146228
142890
146228
142890
146228
142890
146228
142890
146228
142890
146228
142890
146228
142890
146228
142890
146228
142890
146228
142890
146228
142890
146228
142890
146228
142890
146228
142890
146228
142890
146228
142890
146228
142890
146228
142890
146228
142890
146228
142890
146228
142890
146228
142890
146228
142890
146228
142890
146228
142890
146228
142890
146228
142890
146228
142890
146228
142890
146228
142890
146228
142890
146228
142890
146228
142890
146228
142890
146228
142890
146228
142890
146228
142890
146228
142890
146228
142890
146228
142890
146228
142890
146228
142890
146228
142890
146228
142890
146228
142890
146228
142890
146228
142890
146228
142890
146228
142890
146228
142890
146228
142890
146228
142890
146228
142890
146228
142890
146228
142890
146228
142890
146228
142890
146228
142890
146228
142890
146228
142890
146228
142890
146228
142890
146228
142890
146228
142890
146228
142890
146228
142890
146228
142890
146228
142890
146228
142890
146228
142890
146228
142890
146228
142890
146228
142890
146228
142890
146228
142890
146228
142890
146228
142890
146228
142890
146228
142890
146228
142890
146228
142890
146228
142890
146228
142890
146228
142890
146228
142890
146228
142890
146228
142890
146228
142890
146228
142890
146228
142890
146228
142890
146228
142890
146228
142890
146228
142890
146228
142890
146228
142890
146228
142890
146228
142890
146228
142890
146228
142890
146228
142890
146228
142890
146228
142890
146228
142890
146228
142890
146228
142890
146228
142890
146228
142890
146228
142890
146228
142890
146228
142890
146228
142890
146228
142890
146228
142890
146228
142890
146228
142890
146228
142890
146228
142890
146228
142890
146228
142890
146228
142890
146228
142890
146228
142890
146228
142890
146228
142890
146228
142890
146228
142890
146228
142890
146228
142890
146228
142890
146228
142890
146228
142890
146228
142890
146228
142890
146228
142890
146228
142890
146228
142890
146228
142890
146228
142890
146228
142890
146228
142890
146228
142890
146228
142890
146228
142890
146228
142890
146228
142890
146228
142890
146228
142890
146228
142890
146228
142890
146228
142890
146228
142890
146228
142890
146228
142890
146228
142890
146228
142890
146228
142890
146228
142890
146228
142890
146228
142890
146228
142890
146228
142890
146228
142890
146228
142890
146228
142890
146228
142890
146228
142890
146228
142890
146228
142890
146228
142890
146228
142890
146228
142890
146228
142890
146228
142890
146228
142890
146228
142890
146228
142890
146228
142890
146228
142890
146228
142890
146228
142890
146228
142890
146228
142890
146228
142890
146229
142890
146229
142890
146229
142890
146229
142890
146229
142890
146229
142890
146229
142890
146229
142890
146229
142890
146229
142890
146229
142890
146229
142890
146229
142890
146229
142890
146229
142890
145990
142890
145990
142890
145990
142890
145990
142890
145990
142890
145990
142890
145990
142890
145990
142890
145990
142890
145990
142890
145990
142890
145990
142890
145990
142890
145990
142890
145990
142890
145990
142890
145990
142890
145990
142890
145990
142890
145990
142890
145990
142890
145990
142890
145990
142890
145990
142890
145990
142890
145989
142890
145989
142890
145989
142890
146228
142890
146228
142890
145989
142890
145989
142890
145989
142890
145989
142890
145989
142890
145989
142890
145989
142890
145989
142890
145989
142890
145989
142890
145989
142890
145989
142890
145989
142890
145989
142890
145989
142890
145990
142890
145990
142890
145990
142890
145990
142890
145990
142890
145990
142890
145990
142890
145990
142890
145990
142890
145990
142890
145990
142890
145990
142890
145990
142890
145990
142890
145990
142890
145990
142890
145990
142890
145990
142890
145990
142890
145990
142890
145990
142890
145990
142890
145990
142890
145990
142890
145990
142890
145990
142890
145990
142890
145990
142890
145990
142890
145990
142890
145990
142890
145990
142890
145990
142890
145990
142890
145990
142890
145990
142890
145990
142890
145516
145755
145754
145515
145514
145275
145036
144798
144559
144321
144082
144083
144084
143845
