361964
361963
361964
361963
361964
361963
361964
361963
361964
361963
361724
361485
361486
361487
361248
361487
361489
361250
361251
361252
361253
361493
361255
361256
361257
361018
361019
361020
361021
361260
361259
361498
361737
361736
361975
361976
361977
361978
361979
361980
362219
361736
361498
361259
361260
361020
361259
361020
361019
361018
361257
361256
361255
361494
361493
361253
361252
361491
361490
361489
361248
361487
361486
361725
361964
361963
361964
361963
361964
361963
361964
361963
361964
361963
361964
361963
361964
361963
361964
361963
361964
361963
361964
361963
361964
361963
361964
361963
361964
361963
361724
361963
361724
361963
361724
361963
361724
361963
361724
361963
