362222
361983
361744
361743
361982
361742
361980
361741
361980
361741
361502
361503
361502
361264
361025
361026
361027
361028
360790
360791
360553
360554
360555
360316
360555
360556
360317
360556
360317
360556
360557
360556
360555
360316
362460
362221
362220
362219
362218
362217
362216
362215
361976
361975
361976
361975
362214
361975
362214
361976
361977
361976
361975
361976
361975
361976
361975
362214
361975
362214
361975
362214
361975
361976
361975
362214
361975
362214
361975
362214
361975
361976
361975
361976
361975
361976
362215
362216
362217
361978
362217
362218
362219
362220
362221
362460
362461
