369378
369617
369378
369379
369380
369381
369382
369383
369145
369144
368905
368666
368665
368426
368425
368186
368185
367946
367706
367226
367227
366988
366987
367226
367225
367226
367225
367226
367225
367226
367225
367226
367225
366986
367225
366986
367225
367226
367225
367226
367225
367226
367225
367226
367225
367226
367225
367226
366987
367226
366987
367226
366987
367226
366987
367226
366987
367226
366987
367226
366987
367226
366987
367226
366987
367226
366987
367226
366987
367226
366987
367226
366987
367226
366987
367226
366987
367226
366987
367226
366987
367226
367225
