369617
369856
369617
369378
369377
369378
369379
369378
369617
369618
369379
369380
369619
369620
369619
369380
369141
369142
368903
368902
368663
368662
368663
368902
368903
368904
369143
369144
369145
369384
369385
369624
369863
370102
370341
370580
370581
370580
370579
370818
370819
370818
370819
370818
370819
370818
370819
370818
370819
370818
370819
370818
370579
370580
370341
370102
370101
370102
369863
369624
369385
369384
369145
369144
369143
368904
368903
368902
368663
368662
368663
368902
368903
369142
369143
369382
369621
369620
369856
369617
369618
369379
369380
369381
369382
369381
369382
369381
369380
369379
369618
369617
369856
369617
369856
369617
369856
369618
369856
369617
369856
369617
369856
369617
369856
369617
369856
369617
369856
369617
369856
369617
369856
369617
369618
369856
369618
369856
369617
369616
369617
369856
369617
369856
369857
369618
369857
369618
369856
