361975
361976
361975
362214
362453
362692
362691
362452
362451
362450
362449
362448
362687
362686
362685
362684
362683
362682
362681
362680
362919
363158
363397
363636
363875
363874
363873
363634
363635
363636
363875
364114
364353
364592
364831
365070
365309
365308
365309
365548
365787
365788
366027
366266
366505
366506
366507
366746
366747
366987
366988
367227
367228
367467
367706
367946
368185
368186
368425
368424
368423
368424
368425
368426
368665
368666
368905
369145
369384
369385
369624
369863
370102
370341
370580
370581
370820
371059
371060
371299
371538
371777
372016
372255
372254
372493
372732
372971
373210
373449
373688
373449
373689
373450
373451
373690
373688
373449
373210
372971
372732
372493
372254
372255
372016
371777
371538
371299
371060
371059
370820
370581
370580
370341
370102
370101
370102
369863
369624
369385
369384
369145
369144
368905
368666
368665
368426
368425
368424
368423
368424
368425
368426
366747
366746
366506
366505
366266
366027
365788
365787
365548
365309
365308
365309
365070
365069
365070
364831
364592
364353
364113
363875
363874
363873
