361498
361259
361260
361021
361020
361259
361020
361019
361018
361257
361256
361255
361494
361492
361253
361252
361491
361490
361489
361487
361486
361485
361724
361723
361962
361961
362200
362201
362202
362441
362680
362681
362682
362683
362684
362685
362686
362687
362448
362449
362450
362451
362452
362691
362692
362693
362454
362455
362694
362933
363172
363411
363650
363889
363890
364129
364128
364367
364366
364365
364364
364363
364602
364363
364364
364365
364366
364367
364128
364129
363889
363650
363411
363172
362933
362694
362455
362454
362693
362692
362691
362451
362450
362449
362448
362687
362686
362685
362684
362683
362682
362681
362680
362441
362202
362201
362202
361963
361962
361723
361724
361485
361724
361723
361962
361961
362201
362202
362441
362680
362681
362682
362683
362684
362685
362686
362687
362448
362449
362450
362451
362452
362691
362692
362693
362454
362455
