364588
364589
364350
364111
364110
363871
363870
363631
363392
363153
362914
362913
362912
363151
362912
362911
362912
363151
362912
362913
362914
363153
363154
363393
363632
363871
364110
364349
364350
364589
364588
364349
364110
363871
363632
363393
363392
363153
362914
362913
362912
363151
362912
362911
362670
362671
362432
362433
362434
362435
362436
362197
362198
362199
361960
361961
361962
361723
361962
361723
361724
361963
361724
361963
361724
361963
361724
361963
361724
361963
361724
361963
361724
361725
361486
361485
361246
361245
361006
361007
360768
360767
360768
360767
360768
360767
360768
360767
360768
360767
360768
360767
