364588
364589
364588
364349
364110
363871
363870
363631
363392
363153
362914
362913
362912
363151
362912
362911
362672
362911
362912
363151
362912
362913
362914
363153
363152
363391
363630
363391
363630
363391
363630
363391
363630
363391
363630
363391
363630
363391
363630
363391
363630
363391
363630
363631
363632
363633
363634
363635
363636
363875
364114
364353
364592
364831
364832
364593
364354
364593
364592
364353
364113
363874
363875
363636
363397
363158
363159
363158
363157
363156
363155
363154
363153
363392
363153
362914
362913
362912
363151
362912
362911
