362460
362461
374395
374394
374633
374394
374395
374394
374395
374394
374395
374634
374394
374395
374394
374395
374394
374395
374394
374395
374394
374395
374394
374395
374394
374395
374394
374395
374394
374395
374394
374634
374633
374394
374633
374634
374394
374634
374633
374634
374394
374395
374634
374633
374634
374633
374394
374633
374394
374395
374394
374395
374394
374634
374633
374394
374395
374394
374395
374394
374395
374394
374395
374394
374633
374394
374634
374395
374394
374633
374394
374633
374394
374633
374394
374633
374394
374633
374394
374633
374634
374633
374634
374633
374634
374633
374634
374633
374634
374395
374156
374155
374156
374157
374158
374159
374160
374161
374162
374163
374164
374165
374166
373927
373688
373687
373688
373449
373688
373449
373210
372971
372732
372493
372254
372255
372016
371777
371538
371299
371060
371059
370820
370581
370580
370341
370102
370101
370102
369863
369624
369385
369384
369145
369144
368905
368666
368665
368426
368425
368186
368185
367946
367706
367467
367466
367227
