369617
369378
369377
369138
368899
368900
368899
368900
368661
368662
368423
368422
368183
368182
367943
367942
367703
367225
366986
366987
366988
366987
366988
366987
366988
366987
366988
366987
366988
366987
366986
367225
367467
367706
367946
368185
368186
368425
368426
368665
368666
368905
368906
369145
369384
369383
369382
369381
369380
369379
369378
369617
369378
369617
369378
369617
369378
369617
369378
369617
369378
369617
369378
369617
369378
369617
369378
369617
369378
369617
369378
369617
369378
369617
369378
369617
369378
369617
369378
369617
369378
369617
369378
369617
369378
369617
369378
369617
369378
369617
369378
369617
369378
369617
369378
369617
369378
369617
369378
369617
369378
369617
369378
369617
369378
369617
369378
369617
369378
369617
369378
369617
369378
369617
369378
369617
369378
369617
369378
369617
369378
369617
369378
369617
369378
369617
369378
369617
369378
369617
369378
369617
369378
369617
369378
369617
369378
369617
369378
369617
369378
369617
369378
369618
369617
369378
369617
369378
369617
369378
369617
369378
369617
369378
369617
369378
369617
369378
369617
369378
369617
369616
369617
369379
