361962
361723
361962
361963
361962
361963
362202
362441
362680
362919
363158
363397
363636
363875
364114
364353
364592
364831
365070
365309
365308
365309
365548
365787
365788
366027
366266
366505
366506
366746
366747
366986
366987
366988
367227
367467
367466
367227
366989
366990
366751
366752
366514
366275
366276
366277
366038
366039
365800
365801
365562
365323
365084
364845
364606
364605
364606
364367
364128
364129
363889
363650
363411
363172
362933
362694
362455
362216
361977
361976
361975
361976
362215
361976
362215
361976
362215
361976
361975
361976
361975
361976
361975
361976
361975
361976
361977
362216
362455
362694
362933
363172
363411
363650
363889
363890
364129
364128
364367
364606
364845
365084
365323
365562
365801
365800
366039
366038
366277
366276
366275
366514
366753
366752
366751
366990
366989
367228
367227
