367218
367217
366978
366739
366740
366741
366502
366503
366264
366503
366502
366741
366740
366739
366738
366737
366738
366739
366978
366979
366980
366981
366982
366983
366984
367223
367224
367463
367702
367703
367942
367943
368182
368421
368420
368659
368420
368419
368658
368657
368896
368895
368894
368895
368896
368657
368658
368419
368420
368421
368182
367943
367704
367465
367226
367227
366989
366990
366751
366752
366514
366275
366276
366277
366038
366039
365800
365562
365323
365084
364845
364606
364605
364606
364367
364128
364129
363890
363889
363650
363411
363172
362933
362694
362455
362216
361977
361976
361977
361978
362217
362218
362219
362220
362221
362460
362461
362462
362461
362460
362221
362220
362459
362460
362699
362938
363177
363178
363179
363180
363181
362942
362943
362942
363181
363180
362462
362461
362460
362221
362220
362219
362220
362221
362460
362461
362462
