363400
363639
363878
364117
364356
364595
364356
364117
363878
363639
363400
363162
363163
363402
363403
363402
363163
363162
363161
363160
362921
362682
362681
362680
362441
362202
361963
361962
361724
361485
361246
361247
361008
361007
360768
360529
360530
360291
360292
360053
360054
359815
359577
359338
359339
359100
359101
358862
358861
358622
358623
358384
358145
357906
357667
357666
357427
357428
357429
357190
357429
357191
357430
357669
357908
358147
358146
358385
358386
358385
358147
358146
358147
358146
358147
358146
357907
357908
357669
357430
357191
357190
357429
