362221
362460
362461
361976
361977
362216
362455
362694
362933
363172
363411
363650
363889
363890
364129
364128
364367
364606
364845
365084
365323
365562
365801
365800
366039
366038
366277
366276
366275
366514
366753
366752
366751
366990
366989
367228
367227
367228
367467
367706
367946
368185
368186
368425
368426
368665
368666
368905
369145
369384
369623
369624
369863
370102
370341
370580
370581
370820
371059
371060
371299
371538
371777
372016
372255
372254
372493
372732
372971
373210
373449
373688
373927
374166
374405
374644
374883
374882
374881
374880
374879
374878
374877
374876
374875
374876
374877
374878
374639
374640
374402
374403
374164
374165
374166
373927
373688
373687
373448
373209
373210
373209
373210
373209
373210
373209
373210
374875
374876
374877
374878
374639
374640
374402
374403
374164
374165
374166
373927
373688
373687
373688
373449
373210
372971
372732
372493
372254
372255
372016
371777
371538
371299
371060
371059
370820
370581
370580
370341
370102
370101
370102
369863
369624
369385
369384
369145
369144
368905
368666
368425
368664
