369618
369619
369380
369381
369142
368903
368902
368663
368662
368423
368424
368425
368426
368427
368188
368189
368190
368191
368190
368189
368188
368427
368188
368427
368426
368425
368424
368423
368662
368663
368662
368663
368902
368903
369142
369141
369380
369619
369620
369621
369622
369621
369620
369621
369622
369621
369382
369383
369145
369144
368905
368666
368665
368426
368425
368186
368185
367946
367706
367467
367466
367227
366988
366987
366986
366747
366746
366506
366505
366266
366027
365788
365787
365548
365309
365308
365309
365070
365069
365070
364831
364592
364353
364113
363874
363875
363636
363635
