362682
362683
362684
362685
362686
362687
362448
362449
362450
362451
362691
362692
362693
362454
362455
362216
361977
361738
361499
361260
361261
361022
360783
360782
360783
360784
361023
361024
361025
361264
361503
361742
361743
361744
361983
362222
362461
362462
362461
362460
362221
362220
362219
362218
362217
361978
361977
361978
362217
362218
362219
362220
362221
362460
362699
362700
362699
362460
362461
362462
362461
362222
361983
361744
361743
361742
361741
361742
361743
361744
361983
362222
362461
362462
362461
362460
362221
362220
362219
362218
362219
