361976
361737
361498
361259
361260
361020
361259
361020
361019
361018
361257
361256
361255
361494
361493
361492
361253
361252
361251
361490
361489
361487
361486
361485
361724
361723
361962
361963
362202
362201
362678
362917
363156
363157
363156
363157
363396
363397
363396
363156
363155
362916
362917
362916
362917
362916
362677
362916
362677
362916
362677
362916
362677
362916
362677
362916
362677
362916
362677
362916
362677
362916
362677
362916
362677
362916
362677
362916
362677
362916
362677
362916
362677
362916
362677
362916
362677
362916
362917
362678
362677
