362455
362694
362933
363172
363411
363650
363889
363890
364129
364128
364367
364366
364365
364604
364843
364842
364843
364842
364841
365080
365079
365318
365317
365316
365315
365314
365313
365552
365551
365790
365791
365790
365791
366030
366029
366030
366029
366030
365791
365790
365791
365790
365551
365552
365313
365314
365315
365316
365317
365316
365317
365318
365079
365080
364841
364842
364843
364842
364843
364842
364843
364604
364365
364366
364367
364128
364129
363889
363650
363411
363172
362933
362694
362455
362454
362693
362692
362691
362451
362450
362449
362448
362687
362686
362685
362684
362683
362682
362681
362680
362441
362202
362201
