362671
362432
362433
362434
362435
362436
362197
362198
362199
362200
362201
362202
362441
362680
362919
363158
363397
363636
363637
363638
363639
363638
363877
364116
364115
364114
364113
364112
364111
364110
363871
363870
363631
363392
363153
363392
363153
363392
363153
363392
363153
363392
363153
363392
363153
363392
363153
363392
363153
362914
362913
362912
363151
362912
362911
362671
362432
362433
362434
362435
362436
362197
362198
362199
362200
362201
362202
362441
362680
362919
363158
363397
363636
363637
363638
363639
363638
363637
363636
363397
363158
362919
362680
362441
362202
362201
362200
362439
362678
362677
362916
362915
362914
362913
362912
363151
362912
362911
