363159
362920
362919
362680
362441
362202
361963
361962
361485
361484
361485
361484
361485
361484
361245
361006
360767
360768
360529
360530
360291
360292
360053
360054
359815
359576
359577
359338
359339
359100
359101
358862
358863
358624
358625
358386
358147
357908
357669
357670
357431
357192
356953
356714
356475
356236
355997
355758
355519
355280
355041
354802
354563
354324
354085
353846
353607
353608
353369
353130
352891
352652
352413
352412
352173
352172
351933
351932
351693
351692
351691
351929
351928
351927
351926
351925
351924
352163
352162
352161
352399
352398
352637
352636
352875
352874
352873
353112
353111
353110
353109
353348
353586
353824
353823
353822
354061
354060
354059
354298
354297
354296
354295
354056
354055
353816
353577
353576
353337
353336
353097
352858
352857
352618
352379
352378
352139
352138
351899
351660
351421
351420
351419
351179
350940
350701
350700
350461
350460
350459
350458
350219
350218
349979
349978
349739
349500
349499
349260
349259
349020
348781
348542
348303
348302
348063
348062
347823
347822
347821
347582
347581
347580
347341
347340
347339
347100
347099
347098
346859
346858
346857
