362463
362464
362465
362226
362225
361986
361985
361984
361745
361506
361267
361028
361029
360790
360791
360553
360554
360555
360316
360317
360318
360319
360080
360319
360318
360317
360316
360555
360554
360553
360792
360791
360790
361029
361028
361267
361506
361745
361984
361985
361986
362225
362226
362465
362464
362463
362219
362218
362217
362216
362215
362214
361975
362214
361975
361976
361975
362214
361975
362214
361975
361976
361975
361976
361975
361976
361975
361976
361975
361976
361975
361976
362214
361975
361976
361975
361976
361975
362214
362215
362216
362217
361978
362217
362218
362219
362220
362221
362460
362461
