362462
362461
362460
362221
362220
362219
362218
362219
362220
362221
362460
362461
362462
362461
362460
362221
362220
362219
362218
362217
361978
361977
361978
362217
362218
362219
362220
362221
362460
362461
362462
362461
362460
362459
362458
362219
362218
362457
362218
362456
362455
362454
362693
362692
362691
362452
362451
362450
362449
362448
362687
362686
362685
362684
362683
362682
362681
362680
362919
363158
363397
363636
363875
364114
364353
364592
364831
365070
365309
365308
365309
365548
365787
365788
365787
365786
365785
365784
365783
366022
365783
366022
365783
365784
365545
365784
365783
366022
366261
366022
366261
366260
366261
366262
366023
366024
365785
365786
365787
365788
365787
365548
365309
365308
365309
365070
365069
365070
364831
364592
364353
364113
364114
364113
363874
363875
363636
363397
363158
362919
362680
362681
362682
