360767
360768
360767
360768
360767
360768
360767
360768
360767
360768
360767
360768
360767
360768
360767
360768
360767
360768
360767
360768
360767
360768
360529
360528
360767
361006
361245
361484
361723
361722
361961
361960
362199
362198
362197
362436
362435
362434
362433
362432
362671
362432
362433
362434
362435
362436
362197
362198
361960
361961
361962
361723
361484
361485
361486
361725
361724
361963
361962
362201
361962
362201
361962
361963
362202
362201
362202
362201
362202
362201
362202
362201
362202
361962
362201
361962
362201
362200
362439
362678
362677
362916
362915
362914
362913
362912
363151
362912
362911
362912
363151
362912
362911
