369620
369621
369382
369383
369145
369144
368905
368666
368665
368426
368425
368426
368427
368187
368188
367949
367710
367709
367948
367709
367948
367949
368188
368187
368188
368187
368188
368187
368188
368187
368426
368427
368426
368425
368186
368185
367946
367706
367467
367227
366988
366987
366986
366747
366746
366506
366505
366266
366027
365788
365787
365548
365309
365308
365309
365070
365069
365070
364831
364592
364353
364114
364113
364114
364113
363874
363875
363636
363397
363158
362919
362680
362441
362202
362201
362200
362199
361960
362199
362198
362197
362436
362197
362198
362199
362200
361961
361960
361961
362200
362201
362202
362441
362680
362919
363158
363397
363636
363875
364114
364353
364592
364831
365070
365309
365308
365309
365548
365787
365788
366027
366266
366505
366506
366507
366746
366747
366987
366988
367227
367228
367467
367468
367469
367470
367709
367948
367949
368188
368187
368188
367949
367710
367709
367470
367709
367470
367469
367468
367467
367706
367467
367225
366747
366987
366748
366987
366988
367227
367467
367706
367707
367946
368185
368186
368425
368426
368665
368666
368905
369383
369382
369621
369620
369621
369382
369381
369382
369381
369382
369381
369382
369381
369382
369142
368903
368902
368663
368662
368423
368422
