361963
361964
361963
361964
361963
361964
361963
361964
361963
361964
361963
361964
361963
361964
361963
361964
361963
361964
361963
361964
361963
361962
361961
362200
361961
361722
361723
361484
361245
361006
360767
360528
360289
360050
359811
359572
359573
359334
359095
358856
358617
358616
358617
358378
358617
358618
358379
358380
358381
358142
358141
357902
357903
357902
357903
24092
24091
24090
24089
24328
24329
24568
24807
24808
24809
24570
24571
24572
24573
24574
24575
24336
24097
24098
24099
24100
24101
24102
24103
23864
23863
23862
24101
24100
24099
24098
24097
24336
24575
24574
24573
24572
24571
24570
24809
24808
24807
24806
24805
24804
24803
24802
24801
24800
24799
25038
25277
25516
25755
25994
26233
26472
26711
26950
27189
27428
27667
27906
28145
28384
28623
28862
29101
29340
29579
29818
30057
30296
30535
30774
31013
31012
31251
31490
31729
31968
32207
32206
32445
32684
32923
33162
33161
33400
33639
33878
34117
34356
34595
34834
35073
35312
35551
35790
36029
36030
36029
36268
36269
36508
36747
36748
36987
37225
37464
37703
37942
37941
38180
38419
38658
38897
39136
39375
39376
39375
39614
39853
40092
40331
40570
40569
40808
40809
41048
41287
41288
41527
41766
42005
42244
42245
42484
42485
42724
42963
43202
43441
43680
43919
44158
44397
44396
44635
44874
45113
45352
45591
45592
45831
46070
46309
46548
46549
46550
46789
46790
47029
47030
47269
47509
47748
47749
47750
47751
47990
48229
48468
48469
48708
48947
48948
49187
49188
49427
49666
49667
49906
49907
50146
50386
50387
50388
50149
50150
50389
50390
50391
50392
50393
50632
50871
51110
51111
51350
51351
51590
51591
51830
52069
52070
52309
52310
52311
52550
52551
52790
52791
52792
53031
53032
53033
53272
53512
53513
53752
53753
53754
53993
53994
54233
54232
54231
54470
54469
54708
54947
55186
55425
55426
55665
55904
56143
