363397
363398
363159
363158
363157
363156
363157
363395
363156
362917
362678
362439
362200
361961
361722
361723
361484
361245
361006
361005
361004
361003
361002
360763
360762
360523
360762
360763
360762
360523
360762
360523
360762
360523
360762
360523
360762
360523
360762
360523
360762
360523
360762
360523
360762
360523
360762
360523
360762
360523
360762
360523
360762
360523
360762
360523
360762
360523
360762
360523
360762
360523
360762
360523
360762
360523
360762
360523
360762
360523
360762
360523
360762
360523
360762
360523
360762
360523
360762
360763
361002
361003
361004
361005
361006
361245
361484
361723
361722
361961
362200
362439
362678
362917
363156
