357429
357190
357427
357666
357667
357906
358145
358384
358623
358622
358861
358862
359101
359100
359339
359338
359577
359815
360054
360053
360292
360291
360530
360529
360768
360769
361008
361247
361246
361485
361724
361723
361962
361963
362202
362441
362680
362681
362682
363161
363160
362921
362682
362681
362680
362441
362202
361963
361962
361723
361724
361485
361246
361247
361008
361007
360768
360529
360530
360291
360292
360053
360054
359815
359577
359338
359339
359100
359101
358862
358861
358622
358623
358384
358383
358382
358381
358142
358141
357902
357903
357902
357903
358142
357903
357664
357665
357666
357427
357428
357429
357190
357429
357906
358145
358384
358623
358622
358861
358862
359101
359100
359339
359338
359577
359816
359815
360054
360053
360292
360291
360530
360529
360768
360769
361008
361247
361246
361485
361724
361723
361963
362202
362441
362680
362681
362682
362921
363161
