359815
359814
359815
359814
359815
359814
359815
359814
359815
359814
359815
359814
359815
359814
359815
359814
359815
359814
359815
359576
359815
359814
359815
359814
359815
359814
359815
359814
359815
359814
359815
359814
359815
359814
359815
359577
359576
359815
359814
359812
360287
360050
359813
359814
359815
359814
359815
359814
359815
359814
359815
359814
359815
359814
359815
359814
359815
359814
360053
360052
360051
360290
360291
360530
360529
360768
360769
361008
361247
361246
361485
361486
361487
361248
361487
361250
361251
361252
361253
361493
361494
361255
361256
361257
361018
361019
361020
361021
361022
361261
361262
361023
361024
361025
361264
361503
361502
361503
361502
361741
361980
362219
362218
362219
362220
362221
362460
362461
362462
362460
362221
362220
362219
362218
362217
361978
361977
361976
361977
361738
361499
361260
361261
361260
361021
361020
361259
361020
361019
361018
361257
361256
361255
361494
361493
361253
361252
361490
361489
361487
361486
361485
361246
361247
361008
361007
360768
360529
360530
360291
360292
360053
360054
359815
359577
359338
359337
359576
359815
359814
359815
359814
359815
359814
359815
359814
359815
360055
359816
359815
359814
359815
359814
359815
359814
359815
359814
359815
359814
359815
359814
359815
359814
359815
359814
359815
359814
359815
359814
359815
359814
359815
359814
359815
359814
359815
359814
359815
359814
359815
359814
359815
359814
359815
359814
359815
359814
359815
359814
359815
359814
359815
359814
359815
359814
359815
359814
359815
359814
359815
359814
359815
359814
359815
359814
359815
359814
359815
359814
359815
359814
359815
359814
359815
359814
359815
359814
359815
359814
359815
359814
359815
359814
359815
359814
359815
359814
359815
359814
359815
359814
359815
359814
359815
359814
359815
359814
359815
359814
359815
359814
359815
359814
359815
359814
359815
359814
359815
359814
359815
359814
359815
359814
359815
359814
359815
359814
359815
359814
359815
359814
359815
359814
359815
359814
359815
359814
359815
359814
359815
359814
359815
359814
359815
359814
359815
359814
359815
359814
359815
359814
359815
359814
359815
359814
359815
359814
359815
359814
359815
359814
359815
359814
359815
359814
359815
359814
359815
359814
359815
359814
359815
359814
359815
359814
359815
359814
