357908
358147
358386
358387
358388
358389
358390
358629
358868
358869
359108
359347
359586
359825
360064
360303
360542
360543
360782
360783
361022
361261
361499
361500
361499
361738
361977
361978
361979
361980
361981
361982
361983
361744
361743
361982
362221
362460
362461
362460
362699
362460
362459
362456
362455
362454
362692
362691
362452
362451
362450
362449
362448
362687
362686
362683
362682
362921
363160
363161
363160
363159
363160
363161
363160
362921
362682
362681
362680
362441
362202
361963
361962
361723
361724
361485
361246
361247
361008
361007
360768
360529
360530
360291
360292
360053
360054
359815
359577
359338
359339
359100
359101
358862
358861
358622
358623
358384
358145
357906
357667
357666
357427
357428
357429
357190
357429
357430
357669
357908
357907
357908
357907
358146
358147
358386
358385
358386
358385
358384
358623
358622
358861
358862
359101
359100
359339
359338
359577
359815
360054
360053
360292
360291
360530
360529
360768
361008
361247
361246
361485
361724
361723
361962
361963
362202
362441
362680
362681
362682
362921
363160
363161
