369378
369379
369380
369381
369382
369383
369384
369145
369144
368905
368666
368665
368426
368425
368186
368185
367946
367706
367467
367466
367227
366988
366987
366986
366747
366746
366506
366505
366266
366027
365788
365787
365548
365309
365308
365309
365070
365069
365070
364831
364592
364353
364113
364114
364113
363874
363875
363636
363397
363158
362919
362680
362681
362682
362443
362204
361965
361964
361963
361724
361723
361484
361245
361006
360767
360528
360289
360050
359811
359572
359573
359334
359095
358856
358617
358616
358378
358618
358379
358380
358381
358142
358141
357902
357903
357902
357903
358142
358141
358142
358381
358382
358383
358384
358623
358622
358861
358862
359101
359100
359339
359338
359577
359816
359815
360054
360053
360292
360291
360530
360529
360768
361007
361008
361247
361246
361485
361724
361723
361962
362201
362440
362441
362680
362919
363158
363397
363636
363875
364114
364113
364114
364353
364592
364831
365070
365309
365308
365309
365548
365787
365788
366027
366266
366505
366506
366746
366747
366986
366987
366988
367227
