362460
362221
362220
362219
362218
362217
361978
361977
361978
361977
361978
362217
362218
362457
362696
362935
363174
363175
362936
362697
362698
362699
362460
362461
362460
362221
362220
362219
362218
362217
362456
362455
362454
362455
362454
362455
362454
362455
362456
362217
362218
362219
362458
362219
362218
362217
362456
362455
362694
362933
363172
363411
363650
363889
363890
364129
364128
364367
364606
364845
365084
365323
365562
365801
365800
366039
366038
366277
366276
366275
366514
366753
366752
366751
366990
366989
367228
367227
367226
367465
367704
367943
368182
368421
368420
368419
368658
368657
368896
368895
368894
