367463
367224
367223
367462
367223
367222
367221
367460
367221
367460
367461
367222
367223
367224
367463
367467
367466
367227
366989
366990
366751
366752
366753
366514
366275
366276
366277
366038
366039
365800
365562
365323
365084
364845
364606
364605
364606
364367
364128
364129
363890
363889
363650
363411
363172
362933
362694
362455
362216
361977
361738
361499
361260
361261
361022
360783
360782
360543
360542
360303
360064
359825
359586
359347
359108
358869
358868
358629
358390
358389
358628
358627
358388
358627
358628
358389
358150
357911
357910
357911
358150
358389
358390
358629
358869
359108
359347
359586
359825
360064
360303
360542
360543
360782
360783
361022
361261
361260
361499
361500
361499
361738
361977
362216
362455
362694
362933
363172
363411
363650
363889
363890
364129
364128
364367
364606
364845
365084
365323
365562
365801
365800
366039
366038
366277
366276
366275
366514
366753
366752
366751
366990
366989
367227
