363636
363875
364114
364353
364592
364831
365070
365309
365308
365309
365548
365787
365788
366027
366266
366505
366506
366507
366746
366747
366987
366988
367227
367467
367706
367946
368185
368186
368425
368424
368425
368424
368425
368424
368425
368664
368663
368662
368663
368424
368663
368664
368425
368186
368185
367946
367706
367467
367466
367227
366988
366987
366747
366746
366506
366505
366266
366027
365788
365787
365548
365309
365308
365309
365070
365069
365070
364831
364592
364353
364113
364114
364113
363874
363875
363636
363397
363158
363157
363156
362917
362678
362677
362678
362917
362916
363155
363394
