361964
361963
361962
362201
362200
362439
362678
362916
362677
362916
362917
362678
362439
362200
362201
361962
361963
361964
361963
361962
361963
361962
361723
361724
361485
361486
361487
361248
361250
361251
361252
361253
361493
361255
361256
361257
361018
361019
361020
361021
361022
361261
361499
361500
361499
361738
361977
361978
361979
361980
359349
359348
359109
359348
359347
359346
359107
358868
358867
359106
359105
359344
359343
359582
359581
359580
359819
359818
359579
359818
359817
359818
359817
359818
359817
359818
359817
359818
359579
359818
359817
359818
360057
360056
360295
360534
360533
360772
360771
361010
361249
361248
361487
361486
361725
361724
361963
361964
361963
361964
361963
361724
361725
361486
361487
361248
361249
361010
360771
360772
360533
360534
360295
360056
359817
359818
359817
359818
