359349
359350
359351
359590
359829
359828
360067
360306
360545
360784
360783
360782
361021
361022
361261
361260
361499
361738
361977
362216
362455
362456
362217
362218
362457
362218
362219
362458
362459
362220
362219
361980
361979
361978
361977
361976
361975
361736
361975
361976
361737
361976
361737
361738
361977
361978
361979
361980
361979
361978
361977
361976
361977
361738
361499
361260
361261
361022
360783
360782
360543
360542
360303
360064
359825
359586
359347
359348
359109
359348
359349
359348
359109
359348
359347
359108
358869
358868
358629
358390
358389
358388
358387
358386
358385
358146
358385
358386
358387
358388
358389
358390
358629
358868
358869
359108
359347
359348
359109
359348
359349
