362201
362202
362441
362680
362681
362682
362683
362684
362685
362686
362687
362448
362449
362450
362451
362452
362691
362692
362693
362692
362931
363170
363409
363410
363411
363412
363651
363412
363411
363650
363411
363172
362933
362694
362455
362454
362693
362692
362931
363170
363171
363172
363411
363412
363651
363412
363651
363412
363411
363650
363411
363172
362933
362694
362455
362454
362693
362692
362691
362451
362450
362449
362448
362687
362686
362685
362684
362683
362682
362681
362680
362441
362202
362201
361961
362201
362202
362441
362680
362919
363158
363397
363636
363875
364114
364115
364114
364113
364112
363873
363634
363395
363156
363155
363154
363153
363154
362915
363154
362915
363154
362915
363154
362915
363154
362915
363154
362915
362916
362917
362678
