358863
358862
358863
358862
359101
359100
359339
359338
359577
359815
360054
360053
360292
360291
360530
360529
360768
361007
361008
361247
361246
361485
361486
361252
361255
361256
361257
361018
361019
361020
361021
361022
361261
361260
361499
361500
361499
361738
361977
362216
362455
362694
362933
363172
363411
363650
363411
363650
363649
363648
363887
363888
363889
364128
364129
364128
363889
363888
363887
363886
363887
363648
363409
363410
363411
363412
363651
363412
363413
363414
363415
363416
363417
363418
363419
363180
363181
363180
363419
363658
363659
363898
364137
364136
364135
364134
364133
364372
364371
364370
364369
364368
364129
364128
364367
364366
364365
364126
364125
364126
363887
363886
363887
363648
363649
363650
363411
363172
362933
362694
362455
362216
361977
361738
361499
361260
361261
361260
361021
361020
361259
361020
361019
361018
361257
361256
361255
361494
361493
361492
361253
361252
361251
361490
361489
361487
361486
361485
361246
361247
361008
361007
360768
360529
360530
360291
360292
360053
360054
359815
359577
359338
359339
359100
359101
358862
358863
358862
358863
358862
358863
358864
358863
358624
358625
358626
358387
358148
357909
357910
357671
357672
357671
357910
357671
357910
357671
357910
357671
357910
357671
