363161
363160
362921
362682
362683
362684
362685
362686
362687
362448
362449
362450
362451
362452
362691
362692
362453
362214
361975
361976
361977
362216
362455
362454
362455
362454
362693
362692
362691
362451
362450
362449
362448
362687
362686
362685
362684
362683
362682
362921
363160
363161
363160
363399
363398
363397
363636
363875
364114
364353
364592
364831
365070
365309
365308
365309
365548
365787
365788
366027
366266
366505
366506
366746
366747
366748
366987
366988
366987
367226
366987
367226
366987
367226
366987
367226
366987
367226
366987
366988
366987
366986
366747
366746
366506
366505
366266
366027
365788
365787
365548
365309
365308
365309
365070
365069
365070
364831
364592
364353
364113
364114
364113
363874
363875
363636
363397
363398
363399
