86697
86698
86699
86700
86699
86460
86221
85982
85743
85504
85265
85026
84787
84548
84547
84308
84069
83830
83591
83352
83353
83114
82875
82874
82635
82396
82157
81918
81679
81440
81201
80962
80723
80484
80246
80007
79767
79528
79289
79050
78811
78572
78333
78094
77855
77616
77377
77138
76899
76898
76659
76420
76181
75942
75703
75463
75224
74985
74746
74745
74506
74267
74028
73789
73788
73549
73310
73071
72832
72593
72354
72115
71876
71637
71398
71399
71160
70921
70682
70443
70204
69965
69726
69487
69488
69249
69010
69011
68772
68533
68294
68055
67816
67815
67576
67577
67578
67579
67580
67581
67582
67583
67584
67823
67824
67825
67826
67827
67588
67589
67590
67591
67592
67353
67354
67355
67356
67596
67597
67598
67599
67600
67601
67602
67363
67364
67365
67366
67367
67368
67369
67130
67131
67132
66894
66895
66656
66657
66658
66419
66420
66421
66182
66183
66184
66185
65946
65947
65948
65949
65711
65712
65713
65474
65473
65234
65233
64994
64755
64516
64277
64038
63799
63560
63321
63082
62843
62604
62365
62126
61887
61648
61409
61170
60931
60692
60454
60455
60216
60217
59978
59979
59740
59501
59262
59023
58784
58785
58546
58308
58309
58070
58071
57832
57593
57354
57353
57114
57115
56876
56877
56638
56637
56398
56397
56396
56157
56156
56155
55916
55915
55914
55675
55674
55435
55434
55433
55194
55193
54954
54953
54952
54713
54712
54473
54472
54233
54232
54231
54470
54469
54708
54947
55186
55425
55426
55665
55904
56143
56382
56621
56860
57099
57098
57337
57576
57815
57816
58055
57816
57815
57576
57577
57576
57337
57336
57335
57336
57337
57098
57099
56860
56621
56382
56143
55904
55665
55426
55425
55186
54947
54708
54469
54470
54231
54232
54233
53994
53993
53754
53753
53752
53513
53512
53272
53032
53031
52792
52791
52790
52551
52550
52311
52310
52309
52070
52069
51830
51591
51590
51351
51350
51111
51110
50871
50632
50631
50392
50391
50390
50389
50150
50149
50388
50387
50386
50385
50146
49907
49906
49667
49666
49427
49188
49187
49186
48947
48708
48707
48468
48229
48228
47989
47750
47749
47748
47509
47508
47269
47030
47029
46790
46789
46550
46549
46548
46309
46070
45831
45592
45591
45352
45113
44874
44635
44396
44397
44158
43919
43680
43441
43202
42963
42724
42485
42484
42245
42244
42005
41766
41765
41526
41287
41048
40809
40808
40569
40570
40331
40092
39853
39614
39375
39376
39375
39136
38897
38658
38419
38180
37941
37702
37703
37464
37225
36986
36987
36748
36747
36508
36269
36268
36029
35790
35551
35312
35073
34834
34595
34356
34117
33878
33639
33400
33161
33162
32923
32684
32445
32206
32207
31968
31729
31490
31251
31012
31013
30774
30535
30296
30057
29818
29579
29340
29101
28862
28623
28384
28145
27906
27667
27428
27189
26950
26711
26472
26233
25994
25755
25516
25277
25038
24799
24800
24801
24802
24803
24804
24805
24806
24807
24568
24329
24328
24567
24568
24329
24328
24329
24328
24089
24090
24091
24092
