364369
364368
364129
364128
364367
364128
364129
363890
363889
363650
363411
363172
362933
362694
362455
362454
362693
362692
362691
362452
362451
362450
362449
362448
362687
362686
362685
362684
362683
362682
362681
362680
362441
362202
362201
362200
362439
362200
362201
362202
362441
362680
362681
362682
362683
362684
362685
362686
362687
362448
362449
362450
362451
362691
362692
362693
362454
362455
362694
362933
363172
363411
363650
363889
363890
364129
364368
364367
364368
364607
364846
364607
364846
365085
365324
365325
365326
365325
365086
365087
364848
364849
364848
