311742
311743
311504
311265
311504
311743
311742
311741
311740
311739
311738
311977
312216
312215
312214
312453
312452
312690
312689
312688
312687
312926
312925
313164
313165
313404
313405
313644
313645
313646
313885
313886
314125
314126
314365
314366
314605
314844
315083
315321
315560
315799
315798
316037
316036
316275
316274
316513
316752
316751
316990
317229
317228
317467
317706
317945
318184
318423
318424
318663
318662
318901
319140
319379
319618
319857
320096
320095
320334
320573
320812
321051
321290
321529
321768
321767
321766
322005
322004
322243
322242
322241
322480
322479
322718
322717
322956
322955
323194
323193
323432
323671
323670
323909
324148
324147
324386
324625
324864
325103
325342
325341
325580
325579
325818
325817
326056
326055
326294
326293
326532
326771
327010
327249
327488
327489
327728
327729
327968
328207
328206
328445
328684
328685
328924
328925
329164
329403
329642
329641
329880
329879
330118
330357
330356
330595
330834
331073
331311
331550
331549
331788
332027
332026
332265
332504
332503
332742
332741
332980
333219
333458
333697
333936
333937
334176
334415
334654
334655
334894
334895
335134
335373
335612
335611
335850
336089
336090
336329
336569
336808
336809
337048
337049
337288
337287
337286
337525
337524
337763
337762
338001
338000
338239
338238
338477
338716
338954
339193
339432
339433
339672
339911
340150
340151
340390
340629
340630
340869
341108
341109
341348
341587
341588
341827
341828
341829
342068
342069
342309
342310
342311
342550
342789
343028
343267
343506
343745
343984
344223
344462
344701
344940
344941
345180
345419
345658
345897
346136
346137
346376
346377
346616
346617
346618
346857
346858
346859
347098
347099
347100
347339
347340
347341
347580
347581
347582
347821
347822
347823
348062
348063
348302
348303
348542
348781
349020
349259
349260
349499
349739
349978
349979
350218
350219
350458
350459
350460
350461
350700
350940
351179
351418
351419
351420
351421
351660
351899
352138
352139
352378
352379
352618
352857
352858
353097
353336
353337
353576
353577
353816
354055
354056
354295
354296
354297
354298
354059
354060
354061
353822
353823
353824
353586
353348
353109
353110
353111
353112
352873
352874
352875
352636
352637
352398
352399
352161
352162
352163
351924
351925
351926
351927
351928
351929
351691
351692
351693
351932
351933
352172
352173
352412
352413
352652
352891
353130
353369
353608
353607
353846
354085
354324
354563
354802
355041
355280
355519
355758
355997
356236
356475
356714
356953
357192
357431
357670
357669
357908
358147
358386
358625
358624
358863
358862
359101
359100
359339
359338
359577
359576
359815
360054
360053
360292
360291
360530
360529
360768
360767
361006
361245
361484
361485
361484
361723
361722
361961
362200
362439
362678
362439
362438
362439
362200
