362433
362434
362435
362436
362197
362198
361960
361961
361962
361723
361484
361485
361484
361485
361484
361485
361484
361485
361484
361485
361484
361485
361484
361485
361484
361485
361484
361485
361484
361485
361484
361485
361484
361485
361484
361485
361484
361483
361482
361243
361244
361483
361484
361485
361484
361485
361484
361485
361484
361485
361484
361723
361962
361723
361963
361724
361723
361484
361723
361724
361723
361962
361961
361960
361959
362198
362197
362436
362435
362434
362673
362912
363151
362912
362911
362433
