363648
363649
363650
363411
363172
362933
362694
362455
362216
361977
361738
361499
361260
361261
361260
361021
361020
361259
361020
361019
361018
361257
361256
361255
361494
361493
361253
361252
361251
361250
361489
361250
361487
361248
361487
361486
361485
361246
361247
361008
361007
360768
360529
360530
360291
360292
360053
360054
359815
359577
359338
359339
359100
359101
358862
358863
358862
358863
358862
358863
358862
358863
358862
358863
358862
358863
358862
358863
358624
358625
358626
358625
358624
358863
358624
358863
358624
358625
358863
358862
358863
358624
358863
358862
358863
358862
358863
358862
358863
358862
358863
