71917
72156
72155
72394
72633
72632
72871
72870
73108
73347
73346
73585
73584
73823
73822
74061
74060
74299
74298
74537
74536
74775
74774
75013
75012
75011
75010
75009
75008
75247
75246
75245
75244
75483
75482
75481
75480
75718
75717
75716
75715
75954
75953
75952
75951
75950
76189
76188
76187
76186
76424
76423
76662
76661
76900
76899
77138
77377
77616
77855
78094
78333
78572
78811
79050
79289
79528
79767
80007
80246
80484
80723
80962
81201
81440
81679
81918
82157
82396
82635
82874
82875
83114
83353
83352
83591
83830
84069
84308
84547
84548
84787
85026
85265
85026
85265
85504
85743
85982
86221
86460
86461
86462
86701
86700
86939
86940
86701
86939
86701
86700
86701
86940
86701
86940
86939
86700
86699
86698
86697
