362462
362461
362460
362459
362458
362219
362218
362457
362218
362456
362455
362694
362933
363172
363411
363650
363889
363890
364129
364128
364367
364606
364845
365084
365323
365562
365801
365562
365561
365562
365323
365084
364845
364606
364605
364606
364367
364128
364129
363890
363889
363650
363411
363172
362933
362694
362455
362454
362455
362456
362217
362218
362219
362218
362217
362456
362455
362454
362693
362692
362931
362692
362693
362454
362455
362456
362217
362218
362219
362220
362221
362460
362461
