362457
362456
362455
362454
362693
362692
362693
362692
362453
362214
361975
362214
362453
362452
362451
362450
362449
362448
362687
362686
362685
362684
362683
362682
362681
362680
362919
363158
363157
363156
363397
363156
363394
363155
363154
363153
363152
363391
363152
363391
363152
363391
363152
363391
363152
363153
363154
363393
363394
363157
363158
362919
362680
362681
362682
362683
362684
362685
362686
362687
362448
362449
362450
362451
362452
362691
362692
362453
362214
361975
361976
361977
361978
362217
362218
