362462
362461
362460
362221
362220
362219
362218
362217
361978
362217
362216
362215
361976
362215
361976
362215
362216
362217
362216
362217
362216
362217
362216
362217
362216
362217
362216
362455
362456
362217
362456
362455
362454
362693
362692
362691
362451
362450
362449
362448
362687
362686
362685
362684
362683
362682
362681
362680
362919
363158
363397
363636
363875
364114
364353
364592
364831
365070
365309
365308
365309
365548
365787
365788
365787
365786
365785
365784
365783
366022
366261
366500
366739
366978
367217
367218
367217
366978
366979
366980
366981
366982
366983
366984
366985
366986
366987
366748
366987
366988
366989
366990
366751
366752
366753
366514
366275
366276
366277
366038
366039
365800
365562
365323
365084
364845
364606
364605
364606
364367
364128
364129
363890
363889
363650
363411
363172
362933
362694
362455
362454
362455
362456
362217
362218
362457
362218
362219
362459
362460
362461
362462
