362462
362463
362464
362465
362226
362225
361986
361985
361745
361506
361267
361028
361029
360790
360791
360792
360553
360554
360555
360556
360317
360556
360317
360556
360555
360316
360555
360554
360553
360792
360791
360790
361029
361028
361027
361026
361025
361024
361263
361262
361261
361499
361500
361499
361738
361977
361978
361979
361980
361981
361982
361983
362222
362461
362462
361977
361976
361977
361738
361499
361260
361261
361260
361021
361020
361259
361020
361019
361018
361257
361256
361255
361494
361253
361252
361251
361490
361489
361487
361486
361485
361246
361247
361008
361007
360768
360529
360530
360291
360292
360053
360054
359815
359577
359338
359337
359576
359815
359814
359815
359814
359815
359814
359815
359814
359815
359814
359815
359814
359815
359814
359815
359814
359815
359814
359815
359814
359815
359814
359815
359814
359815
359814
359815
359814
359815
359814
359815
359814
359815
359814
359815
359814
359815
359814
359815
359814
359815
359814
359815
359814
359815
359814
359815
359814
359815
359814
359815
359814
359815
359814
359815
359814
359815
359814
359815
359814
359815
359814
359815
359814
359815
359814
359815
359814
359815
359814
359815
359814
359815
359814
359815
359814
359815
359814
359815
359814
359815
359814
359815
359814
359815
359814
359815
359814
359815
359814
359815
359814
359815
359814
359815
359814
359815
359814
359815
359814
359815
359814
359815
359814
360053
360052
360051
360052
360051
360052
360051
360290
