359339
359100
359101
358862
358861
358622
358623
358384
358383
358382
358381
358142
358141
357902
357903
357902
357903
358142
358141
358142
358381
358382
358383
358384
358623
358622
358861
358862
359101
359100
359339
359338
359577
359816
359815
360054
360053
360292
360291
360530
360529
360768
361008
361247
361246
361485
361724
361723
361962
361963
362202
362201
362200
362201
362202
362441
362680
362681
362682
362683
362684
362685
362686
362687
362448
362449
362450
362451
362452
362691
362692
362693
362692
362931
363170
363409
363410
363411
363412
363651
363412
363411
363650
363411
363172
362933
362694
362455
362454
362693
362692
362931
363170
363171
363172
363411
363412
363651
363412
363651
363412
363411
363650
363411
363172
362933
362694
362455
362454
362693
362692
362691
362451
362450
362449
362448
362687
362686
362685
362684
362683
362682
362681
362680
362441
362202
362201
362200
361961
362200
362201
362202
361963
361962
361723
361724
361485
361486
361485
361486
361485
361724
361723
361962
361963
362202
362201
362200
