362220
362221
362460
362461
362700
362461
362462
362461
362700
362461
362462
362461
362222
361983
361744
361743
361504
361265
361264
361503
361502
361741
361502
361501
361740
361739
361738
361977
361976
362215
361976
361975
361974
361973
362212
362211
362212
362451
362452
362453
362214
362215
362216
362217
361978
362217
362218
362219
362220
362221
362460
362461
362462
362461
362460
362221
361982
361981
361980
361979
361978
361977
361978
361979
361980
362219
362220
362221
362460
362461
362462
362463
362464
362465
362226
362225
361986
361985
361984
361745
361506
361267
361028
361029
360790
360791
360792
360553
360554
360555
360556
360317
360556
360557
360556
360557
360556
360317
360556
360555
360554
360553
360792
360791
360790
361029
361028
361027
361026
361025
361024
361263
361262
361261
361499
361500
361499
361738
361739
361501
361502
361741
361742
361503
361742
361743
361742
361503
361742
361504
361503
361504
361742
361503
361742
361981
362220
362219
362218
362219
