363397
363158
362919
362680
362681
362682
362683
362684
362685
362686
362687
362448
362449
362450
362451
362452
362691
362692
362693
362454
362455
362456
362217
362218
362221
362457
362456
362455
362216
361977
361738
361499
361260
361261
361022
360783
360782
360543
360542
360303
360064
359825
359586
359347
359108
358869
358629
358390
358389
358388
358387
358386
358385
358384
358383
358382
358381
358142
358141
357902
357903
357902
357903
357902
357903
357902
357903
357902
357903
357664
357902
357903
358142
358141
358142
358381
358382
358383
358384
358623
358622
358861
358862
359101
359100
359339
359338
359577
359816
359815
360054
360053
360292
360291
360530
360529
360768
361007
361008
361247
361246
361485
361724
361723
361962
361963
362202
362201
362200
362439
362678
362677
362678
362917
363156
362677
362678
362917
363156
363395
363397
363158
362919
362680
362681
362682
362683
362684
362685
362686
362687
362448
362449
362450
362451
362691
362692
362693
362454
362455
362456
362217
362218
362221
361982
