367224
366985
366986
366987
366748
366987
366988
366989
366990
366751
366752
366753
366514
366275
366276
366277
366038
366039
365800
365801
365562
365323
365084
364845
364606
364605
364606
364367
364128
364129
363890
363889
363650
363411
363172
362933
362694
362455
362216
361977
361976
361977
362216
362217
361978
362217
362218
362219
362220
362221
362460
362461
362462
362461
362460
362221
362220
362219
362218
362217
362216
362455
362456
362217
362218
362219
362221
361982
361743
361742
361741
360556
360317
360556
360555
360554
360553
360792
360791
360790
361029
361028
361027
361026
361265
361504
361743
361982
361983
362222
362461
362462
