363160
363159
364831
364830
364829
365068
365307
365546
365785
366024
366025
366264
366503
366504
366743
366744
366983
366984
367223
367224
367463
367702
367703
367942
367943
368182
368421
368420
368659
368658
368897
369136
369135
369374
369613
369852
369613
369374
369375
369376
369377
369378
369379
369380
369381
369382
369383
369384
369145
369144
368905
368666
368665
368426
368425
368186
368185
367946
367706
367467
367466
367227
366988
366987
366986
366747
366746
366506
366505
366266
366027
365788
365787
365548
365309
365308
365309
365070
364831
364592
364353
364113
363874
363875
363636
363397
363398
363399
363160
