369616
369617
369856
369620
369621
369382
369383
369382
369143
368904
369143
369144
369145
368906
368905
368906
368905
368906
368905
368906
368905
368906
369145
369384
369383
369382
369621
369622
369621
369620
369621
369382
369383
369145
369144
368905
368666
368665
368426
368425
368186
368185
367946
367706
367467
367466
367227
366988
366987
366747
366746
366745
366506
366505
366266
366027
365788
365787
365548
365309
365308
365309
365070
365069
365070
364831
364592
364353
364352
364113
364114
364113
363874
363875
363636
363397
363158
362919
362680
362441
362202
361963
361962
361723
361724
361485
361246
361247
361008
361007
360768
360529
360530
360291
360292
360053
360054
359815
359576
359577
359338
359339
359100
359101
358862
358861
358622
358623
358384
358383
358382
358381
358142
358141
357902
357903
357902
357903
358142
358141
358142
358381
358382
358383
358384
358623
358622
358861
358862
359101
359100
359339
359338
359577
359816
359815
360054
360053
360292
360291
360530
360529
360768
361008
361247
361246
361485
361724
361723
361962
361963
362202
362441
362680
362919
363158
363397
363636
363875
364114
364353
364592
364831
365070
365309
365308
365309
365548
365787
365788
366027
366266
366505
366506
366746
366747
366987
366988
367227
367228
367467
367706
367946
368185
368186
368425
368426
368665
368666
368905
368906
369145
369384
369383
369382
369621
369620
369621
369382
369383
369145
369144
368905
368666
368665
368426
368425
368186
368185
367946
367706
367467
367227
366988
366987
366747
366746
366745
366506
366505
366266
366267
366266
366267
366266
366267
366266
366267
366266
366267
366266
366267
366266
366267
366266
366505
366506
366507
366746
366747
366987
366988
367227
367228
367467
367706
367707
367946
368185
368186
368425
368426
368665
368666
368905
369145
369384
369383
369382
369621
369620
369619
369380
369379
369618
369617
369616
369617
369378
369617
369378
369617
369378
369617
369378
