259126
259125
259364
259603
259364
259125
259126
259125
258886
258885
258884
258645
258883
258882
259120
259119
259118
259357
259358
259357
259356
259117
259118
259117
258878
258877
258638
258637
258398
258158
257918
257678
257916
257915
257914
257913
258152
258151
258150
258389
258388
258387
258626
258625
258864
258863
259101
259100
259338
259337
259336
259574
259573
259572
259571
259570
259569
259568
259807
259806
259805
259804
259803
259802
259801
259800
259799
260037
260036
260035
260034
260033
260032
260031
260030
260029
260267
260266
260265
260264
260263
260262
260261
260260
260259
260497
260496
260495
260494
260493
260492
260491
260490
260728
260727
260726
260725
260724
260723
260722
260721
260720
260958
260957
260956
260955
260954
260953
260952
260951
260950
261188
261186
261185
261184
260944
260943
260942
260941
260940
260939
260938
260937
260936
260935
260934
260933
260932
260930
260929
260928
260927
260926
260686
260685
260684
260683
260682
260681
260680
260679
260678
260676
260675
260674
260673
260672
260671
260670
260669
260429
260428
260427
260425
260424
260423
260422
260421
260420
260419
260418
260416
260415
260414
260413
260173
260172
260171
260169
260168
260167
260166
260165
260163
260162
260161
260160
260159
260157
260156
259916
259915
259914
259912
259911
259910
259909
259907
259906
259905
259904
259902
259901
259661
259660
259658
259657
259656
259655
259654
259652
259651
259650
259649
259647
259646
259406
259405
259403
259402
259401
259400
259399
259397
259396
259395
259394
259393
259391
259151
259150
259149
259147
259146
259145
259144
259143
259141
259140
259139
259138
258898
258896
258895
258894
258893
258892
258890
258889
258888
258887
258886
258884
258883
258643
258642
258641
258639
258638
258637
258636
258634
258633
258632
258631
258630
258389
258388
258387
258386
258385
258383
258382
258381
258380
258378
258377
258376
258136
258135
258133
258132
258131
258130
258129
258127
258126
258125
258124
258123
257883
257881
257880
257879
257878
257877
257875
257874
257873
257872
257871
257869
257629
257628
257627
257626
257624
257623
257622
257621
257620
257619
257617
257377
257376
257375
257374
257372
257371
257370
257369
257367
257366
257364
257124
257123
257122
257120
257119
257118
257117
257116
257114
257113
257112
256872
256871
256869
256868
256867
256866
256864
256863
256862
256861
256860
256619
256618
256617
256616
256614
256613
256612
256611
256610
256608
256607
256606
256605
256603
256602
256601
256600
256599
256597
256596
256595
256594
256593
256591
256590
256589
256588
256586
256585
256584
256583
256582
256580
256579
256578
256577
256575
256574
256573
256333
256332
256330
256329
256328
256327
256325
256324
256323
256322
256321
256319
256318
256317
256316
256314
256313
256312
256311
256309
256308
256307
256306
256305
256303
256302
256301
256300
256298
256297
256296
256295
256294
256292
256291
256290
256289
256048
256047
256046
256045
256043
256042
256041
256040
256038
256037
256036
256035
256034
256032
256031
256030
256029
256027
256026
256025
256024
256022
256021
256020
256019
256017
256016
256015
256014
256013
256011
255771
255770
255769
255767
255766
255765
255764
255762
255761
255760
255759
255757
255756
255755
255754
255752
255751
255750
255749
255747
255746
255745
255744
255742
255502
255501
255500
255498
255497
255496
255495
255493
255492
255491
255490
255488
255487
255486
255485
255244
255243
255242
255241
255240
255238
255237
255236
255235
255233
255232
255231
255230
255228
254988
254987
254986
254984
254983
254982
254981
254979
254978
254977
254976
254974
254973
254972
254732
254730
254729
254728
254727
254725
254724
254723
254722
254720
254719
254718
254717
254476
254475
254474
254473
254471
254470
254469
254468
254466
254465
254464
254463
254461
254221
254220
254219
254217
254216
254215
254214
254212
254211
254210
254209
254207
254206
253966
253965
253963
253962
253961
253960
253958
253957
253956
253955
253953
253952
253712
253711
253709
253708
253707
253706
253704
253703
253702
253701
253699
253698
253458
253457
253455
253454
253453
253452
253450
253449
253448
253447
253446
253444
253204
253203
253202
253200
253199
253197
253196
253194
252954
252953
252951
252950
252949
252948
252946
252945
252705
252704
252703
252701
252700
252699
252698
252696
252695
252455
252454
252452
252451
252449
252448
252446
252445
252205
252203
252201
252200
252198
252197
251957
251956
251954
251953
251952
251950
251948
251708
251707
251706
251704
251703
251702
251699
251459
251458
251457
251455
251454
251453
251452
251211
251209
251208
251207
251205
251204
251203
250963
250961
250960
250959
250958
250956
250711
250710
250709
250707
250467
250464
250463
250462
250461
250459
250218
250215
250214
250213
250212
250210
249970
249969
249968
249966
249726
249725
249723
249721
249234
248743
248739
248499
248498
248496
248495
248494
248254
248007
247763
247762
247521
247520
247517
247277
247276
247275
247273
247033
247029
246789
246788
246787
246786
246785
246545
246543
246542
246540
246300
246299
246298
246297
246296
246057
246056
246055
246054
246053
245813
245812
245811
245810
245809
245569
245568
245567
245565
245325
245324
245323
245322
245321
245081
245079
245077
245076
244836
244835
244834
244833
244832
244831
244591
244590
244589
244348
244347
244107
244106
244105
244342
244341
244100
244099
244098
244097
243857
243856
243855
243854
243612
243371
243370
243369
243368
243128
243127
243126
243125
242885
242643
242642
242641
242402
242401
242400
242399
242398
242158
242157
242156
242155
241915
241914
241913
241912
241673
241672
241671
241670
241431
241430
241429
241428
241189
241188
241187
240947
240946
240945
240705
240704
240703
240464
240463
240462
240461
240460
240220
240219
240218
240217
239977
239976
239975
239974
239734
239733
239732
239493
239492
239252
239251
239012
239011
238771
238531
238291
238051
238050
237811
237810
237571
237570
237331
237330
237091
236851
236611
236610
236371
236608
236369
236368
236128
235890
235889
235649
235409
235170
235169
234930
234929
234690
234689
234449
234209
234208
233969
233729
233728
233489
233488
233249
233248
233009
233008
232769
232768
232529
232528
232288
232048
231808
231807
231568
231567
231328
231327
231088
231087
230848
230847
230848
230609
230608
230609
230608
230609
230608
230609
230848
230609
230608
230609
230608
230609
230608
230609
230608
230609
230608
230609
230608
230609
230608
230609
230608
230609
230608
230609
230608
230609
230608
230609
230608
230609
230608
230609
230608
230609
230608
230847
230848
230849
230850
230851
230852
230853
230854
230855
230617
230618
230619
230620
230621
230622
230623
230624
230625
230626
230627
230628
230629
230630
230631
230871
230872
230873
230874
231114
232319
232798
357902
357903
357902
357903
357902
357903
357902
357903
358142
358141
358142
358381
358382
358383
358384
358623
358622
358861
358862
359101
359100
359339
359338
359577
359816
359815
360054
360053
360292
360291
360530
360529
360768
360769
361008
361007
361246
361485
361962
361961
362200
362439
362678
362917
363156
363397
363158
362919
362680
362681
362682
362683
362684
362685
362686
362687
362448
362449
362450
362451
362691
362692
362693
362454
362455
362456
362217
362218
