361962
361723
361962
361723
361962
361963
361962
361963
362202
362441
362680
362919
363158
363397
363636
363875
364114
364353
364592
364831
365070
365309
365308
365309
365548
365787
365788
366027
366266
366505
366506
366746
366747
366986
366987
366988
367227
367942
367943
368182
368183
368422
368423
368662
368661
368900
368899
369138
369377
369378
369379
369378
369617
369856
369382
369383
369145
369144
368905
368666
368665
368426
368425
368186
368185
367946
367706
367467
367466
367227
366988
366987
366986
367225
366986
367225
366986
367225
367942
367943
368182
368183
368422
368423
368662
368423
368422
368183
368182
367943
367942
367225
366986
366987
366986
367225
366986
366987
366748
366987
366988
367227
367467
367706
367946
368185
368186
368425
368426
368665
368666
368905
368906
369145
369384
369383
369382
369621
369620
