361976
357903
357902
357903
358142
358141
358142
358381
358382
358383
358384
358623
358622
358861
358862
359101
359100
359339
359338
359577
359816
359815
360054
360053
360292
360291
360530
360529
360768
361008
361247
361246
361485
361724
361723
361962
361963
362202
362441
362680
362919
363158
363397
363636
363875
363874
363873
363634
363635
363636
363397
363398
363159
363160
363161
362922
363161
362922
363161
362922
363161
363160
363161
363160
363159
363158
363157
363156
362917
362678
362439
362200
361961
361960
361961
362200
362439
362678
362917
363156
363395
