370579
370340
370341
370102
370101
370102
369863
369624
369385
369384
369145
369144
368905
368666
368665
368426
368425
368186
368185
367946
367945
367706
367467
367706
367946
368185
368186
368425
368426
368665
368666
368905
369145
369384
369383
369382
369381
369380
369379
369378
369617
369378
369617
369378
369617
369378
369617
369378
369617
369378
369617
369378
369617
369378
369617
369378
369617
369378
369617
369378
369617
369378
369617
369378
369617
369378
369617
369378
369617
369378
369617
369378
369617
369378
369617
369378
369617
369378
369617
369378
369617
369378
369617
369378
369617
369378
369617
369378
369617
369378
369617
369378
369617
369378
369617
369378
369617
369378
369617
369378
369617
369378
369617
369378
369617
369378
369617
369378
369617
369378
369617
369378
369617
369378
369617
369378
369617
369378
369617
369378
369617
369378
369617
369378
369617
369378
369617
369378
369617
369378
369617
369378
369617
369378
369617
369378
369617
369378
369617
369378
369381
369382
369383
369384
369145
369144
368905
