362671
362432
362433
362434
362435
362436
362197
362198
362199
362200
362201
362202
362203
362204
362203
362204
362203
362204
362203
362204
362203
362204
362203
362204
362203
362204
362203
362204
362203
362204
362203
362204
362443
362442
362203
362202
362201
362200
362439
362678
362677
362916
362915
362914
362913
362912
363151
362912
362911
362909
362672
362911
362671
362432
362433
362434
362435
362436
362197
362198
361960
361961
361962
361723
361724
361725
361726
361725
361724
361962
361963
362202
362441
362680
362919
363158
363397
363636
363875
364114
364353
364592
364591
364590
364589
364588
