369617
369616
369617
369378
369377
369138
368899
368900
368661
368662
368661
368900
368899
369138
369377
369378
369617
369856
369620
369621
369382
369383
369384
369145
369144
368905
368666
368665
368426
368425
368186
368185
367946
367706
367467
367466
367227
366988
366987
366747
366746
366506
366505
366266
366267
366266
366267
366266
366267
366266
366267
366266
366267
366266
366267
366266
366267
366266
366267
366266
366267
366266
366267
366266
366267
366266
366505
366506
366507
366746
366747
366987
366988
367227
367228
367467
367706
367946
368185
368186
368425
368426
368665
368666
368905
368906
369145
369384
369383
369382
369621
369622
369621
369620
