363411
363172
362933
362694
362455
362454
362455
362456
362217
361978
362217
362218
362219
362220
362219
362220
362459
362460
362459
362458
362697
362936
363175
363174
363173
363412
363411
328146
328147
328148
327913
327915
327916
327677
327678
327679
327682
327683
327444
327445
327446
327447
327448
327449
327450
327211
327213
326980
326745
326746
326747
326748
326749
326750
326511
326512
326513
326514
326515
326516
326278
326279
326280
326281
326044
326045
326046
326047
326048
326049
325810
325811
325812
325813
325814
325575
325576
325577
325578
325579
325580
325341
325342
325343
325344
325345
325107
325108
324873
324874
324638
324639
324403
324404
324405
324406
324167
324168
323933
323934
323226
363409
363170
362931
362692
362691
362452
362451
362450
362449
362448
362687
362686
362685
362684
362683
362682
362681
362680
362919
363158
363397
363636
363875
364114
364113
364352
364351
364112
364113
364352
364113
364114
