362220
362219
362218
362217
362456
362455
362216
361977
361738
361499
361260
361261
361260
361021
361020
361259
361020
361019
361020
361021
361260
361259
361260
361020
361259
361020
361019
361020
361021
361260
361259
361498
361259
361020
360310
360549
360550
360551
360552
360791
360790
361029
361028
361027
361026
361025
361024
361263
361262
361261
361499
361500
361499
361738
361977
361976
361975
361976
361975
361976
361977
361978
361979
361980
361741
361980
361979
361978
361977
361976
361977
361978
361979
361980
361981
361982
361983
362222
362221
362220
361981
361980
362219
362220
362221
362460
362461
362462
