362673
362674
362675
362676
362437
362438
362439
362200
362201
362202
362441
362680
362681
362682
362683
362684
362685
362686
362687
362448
362449
362450
362451
362691
362692
362693
362454
362455
362694
362933
363172
363411
363650
363889
363890
364129
364128
364368
364367
364368
364369
364608
364847
364608
364609
364848
364849
365088
365087
365326
365087
365088
364849
364848
364609
364608
364847
364608
364607
364608
364607
364608
364607
364608
364607
364608
364607
364608
364607
364608
364607
364608
364607
364608
364607
364608
364607
364608
364607
364608
364607
364608
