364113
364112
363873
364112
363873
364112
363873
364112
363873
364112
363873
364112
363873
364112
363873
364112
363873
364112
363873
364112
363873
364112
363873
364112
363873
364112
364113
364114
364353
364592
364831
365070
365309
365308
365309
365548
365787
365788
366027
366266
366505
366506
366507
366746
366747
366987
366988
367227
367228
367467
367468
367469
367470
367471
367232
367233
367232
367471
367470
367469
367468
367467
367706
367707
367946
368185
368186
368425
368426
368665
368666
368905
369145
369384
369383
369382
369621
369620
369621
369622
369621
369382
369383
369384
369145
369144
368905
368666
368665
368426
368425
368186
368185
367946
367706
367467
367227
366988
366987
366986
367225
366986
366747
366746
366506
366505
366266
366027
365788
365787
365548
365309
365308
365309
365070
365069
365070
364831
364592
364353
364113
364114
364113
364353
364592
364831
365070
365069
365548
365788
366266
366505
366986
367225
366986
366987
366748
367227
367706
367946
368185
368425
368426
368665
368666
368906
369145
369384
369383
369621
369620
369617
369378
369617
369378
369617
369378
369617
369378
369617
369378
