346857
346617
346616
346377
346376
346137
345897
345658
345419
345180
344941
344940
344701
344462
344223
343984
343745
343506
343267
343028
342789
342550
342311
342310
342309
342070
342069
342068
341829
341828
341827
341588
341587
341348
341109
341108
340869
340630
340629
340390
340151
340150
339911
339672
339433
339432
339193
338954
338955
338716
338477
338238
338239
338000
338001
337762
337763
337524
337525
337286
337287
337288
337049
337048
336809
336808
336569
336329
336090
336089
335850
335611
335612
335373
335134
334895
334894
334655
334654
334415
334176
333937
333936
333697
333458
333219
332980
332741
332742
332503
332504
332265
332026
332027
331788
331549
331550
331311
331073
330834
330595
330356
330357
330118
329879
329880
329641
329403
329164
328925
328924
328685
328684
328445
328206
328207
327968
327729
327728
327489
327488
327249
327010
326771
326532
326293
326294
326055
326056
325817
325818
325579
325580
325341
325342
325103
324864
324625
324386
324147
324148
323909
323670
323671
323432
323193
323194
322955
322956
322717
322718
322479
322480
322241
322242
322243
322004
322005
321766
321767
321768
321529
321290
321051
320812
320573
320334
320095
320096
319857
319618
319379
319140
318901
318662
318663
318424
318423
318184
317945
317706
317467
317228
317229
316990
316751
316752
316513
316274
316275
316036
316037
315798
315799
315560
315321
315083
314844
314605
314366
314365
314126
314125
313886
313885
313646
313645
313644
313405
313404
313165
313164
312925
312926
312687
312688
312689
312690
312451
312452
312453
312214
312215
312216
311977
312216
312215
312216
311977
312216
312217
311978
311739
311500
311499
311260
311021
310782
310543
310542
310781
310541
310540
310539
310538
310537
