362200
362201
361962
361963
361724
361963
361962
362201
361962
361723
361962
362201
362200
362439
362438
362437
362676
362675
362674
362673
362674
362675
362676
362437
362438
362439
362438
362437
362676
362915
362916
362915
362675
362915
362676
362915
362676
362915
362676
362915
362676
362915
362676
362915
362676
362915
362676
362915
362676
362915
362676
362915
362676
362915
362676
362915
362676
362915
362676
362915
362676
362915
362676
362915
362676
362915
362676
362915
362676
362915
362676
362915
362676
362915
362676
362915
362676
362915
362676
362915
362676
362915
362676
362915
362676
362915
362676
362915
362676
362915
362676
362915
362676
362915
362676
362915
362676
362915
362676
362915
362676
362915
362676
362915
362676
362915
362676
362915
362676
362915
362676
362915
362676
362915
362676
362915
362676
362915
362676
362915
362676
362437
362438
362439
