259126
259125
258886
258885
258884
258645
258406
258167
258406
258167
258168
258167
258166
258165
258404
258643
258644
258643
258644
258643
258644
258643
258644
258643
258644
258643
258404
258644
258643
258644
258643
258644
258643
258644
258405
258644
258405
258643
258644
258643
258644
258405
258406
258407
258406
258405
258406
258405
258644
258643
258642
258641
258640
258878
258640
258641
258642
258643
258644
258405
258406
258405
258406
258405
258406
258405
258406
258405
258406
258405
258644
258643
258644
258643
258644
258643
258404
258643
258644
258883
258884
259123
259124
259125
259126
259364
259125
259126
259127
259128
258889
258888
258649
258648
258647
258886
258885
258646
258407
258168
258167
257928
257927
257926
257687
257686
257447
257208
257207
256968
256729
256490
256489
256250
256249
256010
255770
255531
255292
255291
255052
254813
254574
254335
254096
253857
253618
253379
253140
253139
252900
252899
252898
252659
252658
252419
252180
251941
251702
251463
251462
251461
251222
251221
250982
250981
250742
250741
250740
250739
250738
250737
250498
250497
250258
250257
250018
250019
249780
249779
249778
249777
249538
249537
249776
249775
250014
250013
249774
249773
249772
249532
249293
249292
249053
248814
248813
248812
248811
248572
248571
248332
248093
247854
247853
247614
247375
247614
247375
247374
247135
246896
246895
246894
246655
246654
246653
246414
246415
246175
246174
246175
246174
245935
246174
245935
246174
246175
246174
246175
246414
246415
246416
246177
246416
246177
246416
246177
246416
246415
246414
246653
246652
246891
247130
247369
247368
247369
247608
247609
247848
248087
248088
248327
248566
248567
248806
249045
249284
249285
249524
249525
249526
249765
249766
249767
249768
250007
250008
250009
250248
250249
250488
250489
250728
250729
250730
250731
250732
250733
250734
250735
250736
250737
250976
251215
251216
251455
251216
251217
251218
251217
251218
251219
251458
251459
251460
251699
251700
251940
251941
252180
252419
252420
252659
252898
252899
252900
253139
253140
253379
253618
253857
254096
254335
254574
254813
255052
255291
255292
255531
255770
255771
256010
256249
256250
256489
256490
256729
256968
257207
257208
257447
257686
257687
257926
257927
257928
258167
258168
258407
258646
258647
258886
258885
258646
258645
258884
258885
258886
259125
259126
259125
259126
259364
259125
259126
