359349
359350
359351
359352
359353
359354
359355
359116
359117
359118
359357
359358
359597
359598
359599
359837
359838
360077
360316
360317
360078
360079
360080
360319
360318
360317
360556
360555
360554
360553
360792
360553
360792
360791
360790
360791
360790
361029
361028
361027
361026
361025
361024
361263
361262
361261
361499
361500
361499
361738
361977
361978
361979
361980
361736
361975
361976
361977
361738
361977
361738
361977
361978
361979
361980
361979
361978
361977
361978
361979
361980
361979
361978
361977
361976
361977
361738
361499
361260
361261
361022
360783
360782
360543
360542
360303
360064
359825
359586
359347
359348
359109
359349
359348
359109
359348
359347
359108
358869
358868
358629
358390
358389
358150
357911
357672
357671
357432
357193
356954
356715
356714
356713
356474
356235
355996
355757
355518
355279
355040
354801
354562
354561
354562
354563
354564
354325
354326
354327
354089
354090
354091
354092
353853
353854
353855
353616
353617
353618
353379
353380
353141
352903
352664
352665
352426
352427
352428
352429
352430
352191
352192
352431
352432
352193
352432
352433
352194
352195
352196
352197
352198
351959
351960
351961
351962
351963
351964
351725
351726
351487
351488
351249
351250
351251
351252
351253
351254
351015
351016
351017
351018
351019
351258
351259
351260
351499
351500
351501
351502
351503
351264
351265
351266
351267
351028
351029
351030
351031
351032
351033
351034
351035
351274
351035
351036
351037
350798
350799
350800
350561
350562
350323
350084
350085
350086
349847
349848
349609
349370
349131
349132
348893
348654
348415
348416
348415
348416
348177
348178
347939
347940
347941
347702
347703
347464
347225
347224
346985
346746
346985
346986
347225
347226
346987
346988
346749
346750
346511
346512
346513
346274
346035
345796
