358863
358864
358863
358862
359101
359100
359099
358860
358861
358622
358383
358384
358145
358384
358385
358386
358387
358388
358389
358390
358629
358868
358869
359108
359347
359586
359825
360064
360303
360542
360543
360782
360783
361022
361261
361260
361499
361500
361499
361738
361977
362216
362455
362694
362933
363172
363411
363650
363411
363410
363649
358863
358862
358863
358862
359101
359100
359339
359338
359577
359816
359815
360054
360053
360292
360291
360530
360529
360768
361007
361008
361247
361246
361485
361486
361487
361248
361487
361489
361490
361251
361252
361253
361493
361494
361255
361256
361257
361018
361019
361020
361021
361022
361261
361260
361499
361500
361499
361738
361977
362216
362455
362694
362933
363172
363411
363650
363411
363650
363649
363648
