361977
361976
361977
361738
361499
361260
361261
361260
361021
361020
361259
361020
361019
361018
361257
361256
361255
361494
361493
361492
361253
361252
361251
361490
361489
361487
361486
361485
361246
361247
361008
361007
360768
360529
360530
360291
360292
360053
360054
359815
359576
359577
359338
359337
359576
359815
359814
359815
359814
359815
359814
359815
359814
359815
359814
359815
359814
359815
359814
359815
359814
359815
359814
359815
359814
359815
359814
359815
359814
359815
359814
359815
359814
359815
359814
359815
359814
359815
359814
359815
359814
359815
359814
359815
359814
359575
359815
359814
359815
359814
359815
359814
359815
359814
359815
359814
359815
359814
359815
359814
359815
359814
359815
359814
359815
359814
359815
359814
359815
359814
359815
359814
359815
359576
359815
359576
359815
359814
359815
359814
359815
359814
359815
359814
359815
359814
359815
359814
359815
359814
359815
359814
359815
359814
359815
359814
359815
359814
359815
359814
359815
359814
359815
359814
359815
359814
359815
359814
359813
360052
360051
360052
359813
359814
359813
360052
359813
359814
359815
359814
359815
359814
359815
359814
359815
359814
359815
359814
359815
359814
359815
359814
359815
359814
359815
359814
359815
359814
359815
359814
359815
359814
359815
359814
359815
359814
359815
359814
359815
359814
359815
359814
359815
359814
359815
359814
359815
359814
359815
359814
359815
359814
359815
359814
359815
359814
359815
359814
359815
359814
359815
359814
359815
359576
359815
359814
359815
359814
359815
359814
359815
359814
359815
359814
359815
359814
359815
359814
359815
