358863
358862
358863
358862
359101
359100
359339
359338
359577
359816
359815
360054
360053
360292
360291
360530
360529
360768
361008
361007
361008
361247
361246
361485
361486
361487
361248
361487
361250
361251
361252
361253
361493
361255
361256
361257
361018
361019
361020
361021
361022
361261
361260
361499
361500
361499
361738
361977
362216
362455
362694
362933
363172
363411
363650
363411
363412
363411
363410
363649
363410
363649
363648
363649
363650
363411
363412
363413
363414
363415
363416
363177
363178
363417
363178
363179
363418
363419
363180
363419
363180
363181
