369617
369856
370098
370099
370338
370339
370340
370579
370818
370819
370818
370819
370818
370819
370818
370819
370818
370819
370818
370817
370578
370339
370338
370099
370098
369856
369617
369378
369377
369138
368899
368900
368661
368662
368423
368422
368183
368182
367943
367942
369856
369617
369856
369617
369856
369617
369856
369617
369856
369617
369856
369617
369856
369617
369856
369617
369856
369617
369856
369617
369856
369617
369856
369617
369616
369856
369617
369618
369379
369380
369619
369380
369379
369618
369617
369856
369617
369856
369617
369856
369617
369856
