359349
359348
359109
359348
359347
359586
359825
360064
360303
360542
360543
360782
360783
361022
361262
361023
361024
361025
361264
361265
361264
361025
361026
361027
361028
360790
360791
360792
360553
360792
360553
360792
360791
360790
360791
360790
361029
361028
361027
361026
361025
361024
361263
361262
361261
361260
361021
361260
361259
361498
361736
361975
361976
361977
361978
361979
361980
362219
362220
362221
361982
361981
361980
361979
361978
361977
361976
361975
361736
361498
361259
361260
361021
361022
360783
360782
360543
360542
360303
360064
359825
359586
359347
359348
359109
359348
359349
359350
359351
359590
359829
359828
360067
360306
360545
360784
360783
360782
361021
361022
361261
361260
361499
361738
361977
361978
361979
361980
361979
361978
361977
361976
361975
361976
361975
361976
361975
361976
