367227
366989
366990
366751
366752
366514
366275
366276
366277
366038
366039
365800
365562
365323
365084
364845
364606
364605
364606
364367
364128
364129
363890
363889
363650
363411
363172
362933
362694
362455
362454
362455
362456
362217
362218
362219
362458
362459
362460
362461
362458
361983
361984
361983
362222
362461
362460
362221
362220
362219
362218
362217
362216
362215
362214
361975
362214
361975
361976
362215
361976
361975
362214
361975
361976
361975
361976
361975
361976
361975
361976
361975
361976
361975
361976
361975
361976
361975
361976
361975
361976
361975
361976
361975
362214
361975
362214
361975
362214
361975
362214
361975
362214
361975
362214
361975
362214
362453
361975
361976
362214
361975
362214
362215
362216
362217
361978
362217
362218
362219
362220
362221
362460
362461
