362461
362460
362221
362220
362219
362218
362217
361978
362217
362216
362215
362214
361975
361976
361977
361978
361979
361980
361981
361982
361983
362222
362461
362460
362459
362458
362219
362218
362217
362456
362455
362694
362933
363172
363411
363650
363889
363890
364129
364128
364367
364606
364845
365084
365323
365562
365801
365800
366039
366038
366277
366276
366275
366514
366753
366752
366751
366990
366989
367227
367226
367465
367704
367943
368182
368421
368420
368659
368420
368419
368658
368657
368896
368895
368894
368895
368896
368657
368658
368419
368420
368421
368182
367943
367704
367465
367226
367227
366989
366990
366751
366752
366753
366514
366275
366276
366277
366038
366039
365800
365562
365323
365084
364845
364606
364605
364606
364367
364128
364129
363889
363650
363411
363172
362933
362694
362455
362454
362455
362456
362217
362456
362455
362456
362217
362218
362219
362458
362459
362220
362459
362220
362459
362220
362459
362220
362459
362460
362461
362701
362940
362939
363178
363179
363180
363419
363180
363419
363180
363419
363180
363419
363180
363419
363180
363419
363180
363179
363178
363177
362938
362699
362460
362221
361982
361983
362222
