363161
363160
362921
362682
362683
362684
362685
362686
362687
362448
362449
362450
362451
362691
362692
362693
362454
362455
362456
362217
362218
362219
362218
362219
362218
362219
362218
362217
362456
362455
362454
362693
362692
362691
362451
362450
362449
362448
362687
362686
362685
362684
362683
362682
362921
363161
363160
362921
362682
362683
362684
362685
362686
362687
362448
362449
362450
362451
362691
362692
362693
362454
362455
362216
361977
361738
361499
361260
361261
361022
360783
360782
360543
360542
360303
360064
359825
359586
359347
359346
359107
359108
359107
359108
359107
359108
359107
359346
359347
359108
358869
358868
358629
358390
358389
358628
358629
358628
358389
358628
358389
358628
358389
358388
358387
358386
358385
358384
358623
358622
358861
358862
359101
359100
359339
359338
359577
359816
359815
360054
360053
360292
360291
360530
360529
360768
361007
361008
361247
361246
361485
361724
361723
361962
361963
362202
362441
362680
362681
362682
362921
363161
363400
363399
363398
363399
363161
363160
362921
363160
362921
362682
362683
362684
362685
362686
362687
362448
362449
362450
362451
362452
362691
362692
362693
362454
362455
362456
362217
362218
362219
362218
362219
362218
362219
362218
362219
