361976
361975
361736
361737
361498
361259
361260
361020
361259
361020
361019
361018
361257
361256
361255
361494
361493
361492
361253
361252
361490
361489
361488
361487
361486
361485
361724
361723
361962
361961
361722
361723
361484
361245
361246
361007
360768
360767
360768
360767
360768
360767
360768
360767
360768
360767
360768
360767
360768
360767
360768
360767
360768
360767
360768
360767
360768
360767
360768
360767
360768
360767
360768
360767
360768
360767
360768
361007
361246
361485
361724
361723
361962
361961
362200
