357671
357910
357671
357910
357671
357910
357671
357910
357671
357910
357671
357910
357671
357910
357671
357910
357671
357910
357671
357910
357671
357910
357671
357910
357671
357910
357911
358150
358389
358390
358629
358868
358869
359108
359347
359586
359825
360064
360303
360542
360543
360782
360783
361022
361261
361260
361499
361500
361499
361738
361977
362216
362455
362456
362217
362218
362457
362218
362219
362458
362459
362460
362699
362938
363177
363178
363179
363180
363181
363180
363419
363418
363417
363416
363415
363654
363892
364131
364370
364369
364368
364129
364128
363889
363888
363887
363886
363887
363648
363649
363648
363649
363650
363411
363412
363413
363414
363415
363416
363417
363418
363419
363180
363181
