359349
359348
359349
359348
359109
359348
359347
359586
359825
360064
360303
360542
360543
360782
360783
361022
361261
361499
361500
361499
361738
361977
361978
361979
361980
361979
361978
361977
361976
361975
361736
361498
361259
361260
361021
361022
360783
360782
360543
360542
360303
360064
359825
359586
359347
359348
359109
359348
359349
359110
359349
359110
359349
359348
359109
359348
359347
359586
359825
360064
360303
360542
360543
360782
360783
361022
361261
361260
361499
361500
361499
361738
361977
362216
362455
362456
362217
362218
362457
362218
362219
362458
362459
