361019
361020
361021
361022
361261
361499
361500
361499
361738
361977
362216
362455
362694
362933
363172
363411
363650
363889
363890
364129
364128
364367
364128
364367
364128
364129
364368
364369
364370
364131
364370
364369
364370
364369
364370
364369
364130
364369
364370
364369
364368
364129
364128
364367
364128
363889
363888
363887
363886
363887
363886
363887
363648
358863
358862
359101
359100
359339
359338
359577
359815
360054
360053
360292
360291
360530
360529
360768
361007
361008
361247
361246
361485
361486
361487
361248
361487
361489
361490
361251
361252
361253
361493
361494
361255
361256
361257
361018
361019
361020
361021
361022
361261
361260
361499
361500
361499
361738
361977
362216
362455
362694
362933
363172
363411
363650
363411
363410
363649
363648
363649
363650
363411
363412
363413
363414
363415
363416
363417
363178
363179
363418
363419
363180
363181
