358861
358860
359099
359098
359337
359336
359575
359574
359813
359812
360051
360050
360289
360528
360767
361006
361245
361484
361723
361722
361961
362200
362439
362678
362917
363156
363395
363635
363636
363635
363634
363395
363156
362917
362678
362439
362200
361961
361722
361723
361484
361245
361006
360767
360528
360289
360050
359811
359572
359573
359334
359095
358856
358617
358616
358617
358378
358617
358618
358379
358380
358381
358142
358141
357902
357903
357902
357903
358142
358141
358142
358381
358380
358618
358617
358378
358617
358616
358617
358856
359095
359334
359573
359572
359811
360050
360289
360528
360767
361006
361245
361484
361723
361722
361961
362200
362439
362678
362917
363156
363395
363634
363395
363394
363155
362916
362917
362916
362917
362678
362677
362916
362915
363154
363153
363152
363153
363154
363155
363394
363395
363635
363636
363397
363396
363157
363156
362917
362678
362679
362918
362919
362920
363159
363158
363157
