369620
369621
369382
369383
369145
369144
368905
368666
368665
368426
368425
368186
368185
367946
367706
367467
367227
366988
366987
366986
366747
366746
366745
366506
366505
366266
366027
365788
365787
365548
365309
365308
365309
365070
364831
364592
364353
364114
364113
364114
364113
363875
363636
363397
363158
362919
362680
362441
362202
361963
361962
361723
361724
361485
361246
361247
361008
361007
360768
360529
360530
360291
360292
360053
360054
359815
359577
359338
359339
359100
359101
358862
358861
358622
358623
358384
358385
358384
358145
358384
358145
358384
358145
358146
