362462
362461
362460
362459
362458
362219
362218
362457
362218
362456
362455
362454
362693
362692
362691
362452
362451
362450
362449
362448
362687
362686
362685
362684
362683
362682
362921
363160
363161
362922
362923
362924
362923
362924
362923
362924
362923
362924
362923
362924
362923
362924
362923
362924
362923
362924
362923
362924
362923
362924
362923
362924
362923
362924
362923
362922
363161
363160
362921
362682
362683
362684
362685
362686
362687
362448
362449
362450
362451
362691
362692
362693
362454
362455
362456
362217
362218
362457
362218
362219
362458
362459
362460
362461
362462
362461
362460
362221
362220
362219
362218
362217
361978
361977
361978
361977
361976
362215
362216
362217
361978
362217
362218
362219
362458
362459
362220
362219
362218
362217
361978
362217
362216
362455
362216
362455
362456
362217
362218
362219
362458
362219
362218
362219
362218
362217
361978
362217
362216
362215
362214
361975
361976
362215
362216
362217
361978
362217
362218
362219
362220
362221
362460
362461
362462
