362676
363393
362676
362915
362676
362915
362676
362915
362676
362915
362676
362915
362676
362915
362676
362915
362676
362915
362676
362915
362676
362915
362676
362915
362676
362915
362676
362915
362676
362915
362676
362915
362676
362915
362676
362915
362676
362915
362676
362915
362676
362915
362676
362915
362676
362437
362438
362439
362200
362201
362202
362441
362680
362919
363158
363397
363636
363875
364114
364113
364112
363873
363634
363395
363156
362917
362678
362439
362200
362439
362438
362439
362438
362437
362676
362915
362676
362915
362914
362915
362676
362915
362676
362915
362916
362915
362676
362915
362676
362915
362676
362915
362676
362915
362676
362915
362676
362915
362676
362915
362676
362915
362676
362915
362676
362915
362676
362915
362676
362915
362676
362915
362676
362915
362916
