363886
363887
364126
364125
364126
363887
363886
363409
363170
362931
362692
362453
362214
361975
362213
361976
361975
362214
362215
362216
362217
361978
362217
362218
362219
362220
362219
362458
362457
362696
362935
363174
363413
363412
363411
363650
363411
363172
362933
362694
362455
362454
362455
362456
362217
362218
362219
362220
362219
362220
362219
362458
362457
362696
362935
363174
363413
363412
363411
363409
363170
362931
362692
362691
362451
362450
362449
362448
362687
362686
362685
362684
362683
362682
362681
362680
362441
362202
362201
362200
361961
361960
362199
361960
362199
361960
361961
361962
361963
362202
362441
362680
362681
362682
362683
362684
362685
362686
362687
362448
362449
362450
362451
362452
362691
362692
362693
362692
362931
363170
363409
