231112
230873
230634
230395
230156
229917
229678
229439
229200
229201
229202
228963
228724
228725
228486
228725
228486
228725
228486
228725
228486
228725
228486
228725
228486
228725
228486
228725
228486
228725
228486
228725
228486
228725
228486
228725
228486
228725
228486
228725
228724
228725
228724
228725
228964
228963
228964
228963
228964
228725
229200
229439
229678
229917
230156
230395
230634
230873
231112
231351
231350
231589
231588
231827
231826
231825
231824
231823
231822
231821
231820
232059
232058
232297
232058
232297
232298
232537
232298
232297
232296
232295
232056
231817
231816
231815
231814
231813
231812
231811
231810
231809
231570
231569
231568
231569
231330
231091
230852
230851
230850
230611
230610
230849
230848
230609
230608
230609
230608
