362200
362199
362200
361961
362200
362199
362200
362201
361962
361963
361964
361965
362204
362205
362206
361967
362206
362445
362446
362685
362684
362445
362206
362205
362444
362443
362442
362681
362680
362919
362920
363159
363398
363397
363636
363635
363634
363395
363394
363155
363154
363153
363152
363153
363152
363153
363154
363155
363394
363395
363634
363395
363156
362917
362916
362917
362916
363155
363394
363395
363156
363155
362916
363155
363394
363395
363634
363395
363156
362917
362678
362439
362200
361961
361722
361723
361484
361723
361722
361961
361722
361961
361722
361961
361722
361961
361723
361722
361723
361484
361723
361484
361723
361484
361723
361484
361723
361484
361723
361962
361961
362200
362201
362200
362439
362678
362917
363156
363395
