369856
369617
369378
369377
369376
369375
369136
368897
368658
368659
368420
368421
368182
367943
367227
366989
366990
366751
366752
366514
366275
366276
366277
366038
366039
365800
365562
365323
365084
364845
364606
364605
364606
364367
364128
364129
363889
363650
363411
363410
363409
363410
363411
363650
363889
363890
364129
364128
364367
364606
364845
365084
365323
365562
365801
365800
366039
366038
366277
366276
366275
366514
366753
366752
366751
366990
366989
367228
367227
367228
367467
367706
367946
368185
368186
368425
368426
368665
368666
368905
368906
369145
369384
369383
369382
369621
369620
369856
369617
369378
369379
369380
369381
369382
369383
369145
369144
368905
368666
368665
368426
368425
368186
368185
367946
367706
367467
367466
367227
366988
366987
366747
366746
366506
366505
366266
366027
365788
365787
365548
365309
365308
365309
365070
365069
365070
364831
364592
364353
364113
364114
364113
363875
363636
363397
363158
362919
362680
362441
362202
361963
361962
361723
361962
361961
361962
362201
362202
362441
362680
362919
363158
363397
363636
363875
364114
364353
364592
364831
365070
365309
365308
365309
365548
365787
365788
366027
366266
366505
366506
366746
366747
366987
366988
367227
367467
367706
367946
368185
368186
368425
368426
368665
368666
368905
368906
369145
369384
369383
369382
369621
369620
369618
369619
369380
369141
369142
368903
368902
368663
368662
368423
368422
368183
368182
367943
367942
367467
367227
366988
366987
366986
366747
366746
366506
366505
366266
366027
365788
365787
365548
365309
365308
365070
365069
365070
364831
364592
364353
364113
364114
364113
364114
364113
363874
363875
363636
363397
363158
362919
362680
362441
362202
361963
361962
