362671
362432
362433
362434
362435
362436
362197
362198
361960
361961
361962
361723
361962
361963
361964
361965
361964
361965
361964
361965
361964
361965
361964
361963
361964
361963
361962
361961
361960
362198
362197
362436
362435
362434
362433
362672
362911
362912
363151
362912
362913
362914
362915
362916
362677
362678
362679
362918
362919
362920
362921
363160
363159
363158
363157
363156
363155
363394
363155
363156
363155
363154
363393
363392
363153
363392
363153
363392
363153
363392
363153
363392
363153
363392
363153
363392
363153
363392
363153
363392
363153
363392
363153
363392
363153
363392
363153
363392
363153
362914
362913
362912
363151
362912
362911
362672
362911
362912
363151
362912
362913
362914
362915
362916
362677
362678
362679
362918
362919
362920
362921
363160
363159
363158
362919
362680
362441
362202
362201
362200
362439
362678
362677
362916
362915
362914
362675
