363409
363170
362931
362692
362691
362452
362451
362450
362449
362448
362687
362686
362685
362684
362683
362682
362681
362680
362441
362202
361963
361962
361723
361724
361485
361486
361485
361246
361007
360768
360767
360768
360767
360768
361007
361246
361485
361486
361487
361248
361487
361489
361490
361251
361252
361253
361492
361493
361494
361255
361256
361257
361018
361019
361020
361021
361022
361261
361499
361500
361499
361738
361977
361978
362217
362218
362219
362220
362221
362460
362221
362222
361983
361982
361983
361982
361983
361982
361983
361982
361983
361982
361983
361982
361981
361742
361981
361742
361503
361264
361025
361024
361263
361262
361261
361260
361021
361020
361259
361020
361019
361018
361257
361256
361255
361494
361493
361253
361252
361490
361489
361488
361487
361486
361487
361486
361248
361487
361250
361251
361252
361253
361493
361494
361255
361256
361257
361018
361019
361020
361021
361260
361259
361498
361737
361736
361975
361736
361975
361976
362215
361976
362215
361976
362215
361976
362215
361976
362215
361976
362215
361976
362215
361976
362215
362454
362453
362692
362931
363170
363409
