230608
230609
230608
230609
230608
230609
230608
230609
230608
230609
230608
230609
230608
230609
230608
230609
230608
230609
230608
230609
230608
230609
230608
230609
230608
230609
230608
230609
230608
230609
230608
230609
230608
230609
230608
230609
230610
230371
230610
230371
230610
230371
230370
230369
230368
230367
230366
230365
230364
230600
230594
230593
230592
230591
230590
230589
230588
230586
230585
230822
230820
231050
231288
231049
231048
231285
231282
231281
231279
231278
231277
231276
231275
231274
231272
231271
231270
231507
231506
231505
231504
231503
231501
231500
231738
231736
231735
231733
231732
231731
231967
231964
232198
232196
232195
232193
232431
232428
232427
232423
232422
232420
232417
232416
232414
232413
232411
232410
232409
232407
232406
232404
232403
232402
232400
232399
232397
232635
232633
232632
232630
232629
232627
232625
232624
232622
232621
232619
232618
232616
232615
232613
232612
232610
232609
232607
232605
232603
232841
232839
232838
232836
232835
232833
232832
232829
232827
232826
232824
232822
233048
233508
233500
233491
233489
233248
233230
233228
233224
233222
233218
233213
232956
232954
232953
232951
232950
232948
233182
233180
233178
233883
234120
234358
234596
234594
234832
235070
235307
235306
235779
236255
236254
236491
236729
236728
236966
237203
237202
237440
237677
237675
237913
237912
238149
238148
238386
238384
238622
238621
238859
239096
239095
239333
239331
242406
242641
242878
243825
243824
244059
244297
244296
244533
244771
244770
245007
245006
245243
245480
245479
245716
245715
245953
245951
246189
246188
246425
246424
246662
246660
246898
246897
247135
247133
247370
247608
247606
247844
247842
248079
248317
248316
248553
248552
248789
249261
249499
249497
249735
249734
249971
250208
250206
250443
250680
250917
250916
251153
257056
257055
257053
259168
260805
261741
261737
261975
261974
261972
262205
262441
262439
262438
262436
262674
262672
262671
262669
262907
262905
263606
263605
263603
263839
263836
263835
264072
264071
264069
264068
265235
265233
265231
265468
265698
265696
267095
267094
267328
268261
268260
268259
268257
268495
268494
268493
268726
268725
268724
268961
268960
268958
268957
269194
269193
269191
269429
269427
269426
269663
269661
269660
269897
269896
269895
269893
269892
270129
270128
270126
270125
270362
270361
270359
270358
270356
270594
270592
270591
270590
270827
270826
270824
272002
272000
272238
272708
272945
274832
275772
276011
276010
276248
276247
276484
276483
276721
276719
276718
276955
276954
277192
277190
277427
277425
277663
277661
277899
278133
278369
278607
278605
278604
278842
278840
279078
279076
279314
279312
279550
279784
280021
280020
280019
280254
280491
280728
280727
280726
280963
280962
281200
281198
281197
281434
281433
281671
281669
281668
281906
281904
282142
282141
282139
282377
282375
282613
282612
282849
282848
282846
283084
283791
283790
284027
284026
284025
284262
284499
284497
284496
284733
284970
284969
285205
285204
285441
285439
285676
285675
285912
285911
286148
286619
287798
287796
288034
288268
288504
288503
288740
289918
289916
290153
290151
290388
290857
291095
291094
291331
291330
291329
291566
291565
291564
291801
291800
292038
292036
292035
292273
292271
292270
292508
292506
292744
292743
292741
292978
293216
293214
293212
293450
293448
293685
293684
293921
293920
293919
294156
294155
294392
294391
294628
294626
407689
409368
435463
433283
429899
426520
426519
426279
426278
426277
426037
425797
425796
425556
425315
425314
425075
425074
425073
424834
424833
424832
424592
424591
424351
424350
424111
424110
424109
423870
423869
423868
423628
423627
423387
423146
422906
422905
422904
422665
422664
422423
422183
422182
421942
421701
421700
421460
421220
420980
420979
420739
420738
420499
420498
420497
420258
420257
420017
420016
419777
419776
419536
419535
419295
419294
419054
418814
418813
418574
418573
418572
418332
418092
