363411
363172
362933
362694
362455
362454
362455
362456
362217
362218
362219
362220
362221
362222
361983
361982
361983
361982
361983
361982
361983
361982
361983
361982
361983
361982
361983
361982
361983
361982
361983
361982
361983
361982
362221
362220
362219
362218
362217
361978
361977
361976
361975
362214
362453
362692
362931
363170
363409
363650
363411
363172
362933
362694
362455
362216
361977
361738
361499
361260
361261
361022
360783
360782
360543
360542
360303
360064
359825
359586
359347
359108
358869
358868
358629
358390
358389
358388
358387
358386
358147
358146
357907
357906
357907
357906
357907
357906
357907
358146
357907
357906
358145
358146
358145
358146
358145
358146
358145
358146
358145
358146
357907
357908
