362457
362218
362456
362455
362694
362933
363172
363411
363412
363411
363650
363411
363410
363409
362686
362685
362684
362683
362682
362681
362680
362919
363158
363157
363156
363155
362916
362917
362916
362917
362916
362917
362678
362439
362200
362201
362200
361961
361960
362199
362200
362439
362678
362917
363156
363395
363156
362917
362916
362915
362916
362917
363156
363155
363156
363157
363158
362919
362680
362681
362682
362683
362684
362685
362686
362687
362448
362449
362450
362451
362452
362691
362692
362693
362454
362455
362456
362217
362218
