362916
362915
362916
362677
362678
362917
362916
362917
362678
362677
362916
362915
362676
362437
362438
362439
362200
362439
362438
362437
362676
362915
362676
362915
362676
362915
362676
362915
362676
362915
362676
362915
362676
362915
362676
362915
362676
362915
362676
362915
362676
362915
362676
362915
362676
362915
362676
362915
362676
362915
362676
362915
362676
362915
362676
362915
362916
362678
362676
362915
362676
362915
362676
362915
362676
362915
362676
362915
362676
362915
362676
362915
362676
362915
362676
362915
362677
362916
362677
362676
362677
362676
362677
362915
362676
362915
362914
362915
362676
362915
362676
362677
362676
362915
362676
362437
362438
362439
362438
362437
362676
362675
362674
362673
362672
362673
