360529
360768
361007
361246
361485
361486
361487
361248
361487
361489
361250
361251
361252
361253
361493
361255
361256
361257
361018
361019
361020
361021
361022
361261
361260
361499
361500
361499
361738
361977
362216
362455
362694
362933
363172
363411
363412
363651
363890
364129
364128
363889
363888
363649
363648
363649
363648
363887
360529
360530
360291
360292
360053
360054
359815
359577
359338
359339
359100
359101
358862
358863
358862
358863
358862
358623
358863
358862
358863
358862
358863
358862
358863
