362461
362460
362221
362220
362219
362218
362217
361978
362217
362216
362215
361976
361975
362214
361975
362214
361975
362214
361975
362214
361975
362214
361975
362214
361975
362214
361975
362214
361975
362214
361975
361976
361975
362214
361975
362214
361975
362214
361975
362214
361975
362214
361975
362214
361975
361976
361975
361976
361975
362214
362453
362214
361975
362214
361975
362214
361975
361976
361975
361976
361975
362214
361975
362214
362215
362214
361975
362214
361975
362214
361975
362214
361975
362215
361975
362214
361975
362214
361975
362214
361975
361976
361975
362214
361975
361976
361977
361738
361499
361260
361261
361022
360783
360782
360543
360542
360303
360064
359825
359586
359347
359108
358869
358868
358629
358390
358389
358388
358387
358386
358147
358146
357907
358146
358147
358386
358387
358626
358625
