367434
367195
366956
366717
366718
366479
366480
366481
366482
366483
366484
366485
366246
366247
366008
366009
366010
365771
365532
365533
365532
365771
366010
366009
366008
366247
366248
366249
366250
366251
366252
366253
366492
366493
366494
366733
366734
366735
366736
366737
366498
366023
366024
365785
365786
365787
365788
365787
365548
365309
365308
365309
365070
364831
364592
364353
364114
364113
364114
364113
363875
363636
363397
363158
362919
362680
362681
362682
362683
362684
362685
362686
362687
362448
362449
362450
362451
362452
362691
362692
362693
362454
362455
362456
362217
362218
362457
362218
362219
362458
362459
362460
362461
362460
362221
362220
362219
362218
362217
361978
362217
362216
362215
362214
361975
362214
361975
362214
361975
362214
361975
362214
361975
362214
361975
362214
361975
362214
361975
362214
361975
362214
361975
362214
361975
361976
361975
361976
361975
361976
361975
362214
362215
362216
362217
361978
362217
362218
362219
362220
362221
362460
362461
362701
362940
362939
363178
363177
363416
363417
363418
363179
363178
363417
363178
363177
363416
363417
363416
363177
363178
362939
362940
362701
362461
362460
362221
362220
361981
361742
361741
361980
361741
361980
361741
361980
362219
362218
362219
362220
362221
362460
362461
