359814
359815
359814
359815
359814
359815
359814
359815
359814
359815
359814
359815
359814
360053
360052
360051
360290
360291
360530
360529
360768
360769
361008
361247
361246
361485
361486
361487
361248
361250
361251
361252
361253
361493
361255
361256
361257
361018
361019
361020
361021
361022
361261
361499
361500
361499
361738
361977
362216
362455
362456
362217
362218
362457
362218
362219
362458
362459
362460
362461
362462
362461
362460
362221
362220
362219
362218
362217
361978
361977
361976
361977
362216
362217
361978
362217
362218
362219
362220
362221
362460
362461
362462
