362200
362439
362200
361961
361722
361723
361484
361485
361484
361723
361484
361723
361484
361485
361484
361485
361484
361485
361484
361245
361006
360767
360768
360529
360530
360291
360292
360053
360054
359815
359576
359577
359338
359339
359100
359101
358862
358863
358624
358625
358386
358147
357908
357669
357670
357431
357192
356953
356714
356475
356236
355997
355758
355519
355280
355041
354802
354563
354324
354085
353846
353607
353608
353369
353130
352891
352652
352413
352412
352173
352172
351933
351932
351693
351692
351691
351929
351928
351927
351926
351925
351924
352163
352162
352161
352399
352398
352637
352636
352875
352874
352873
353112
353111
353110
353109
353348
353586
353824
353823
353822
354061
354060
354059
354298
354297
354296
354295
354056
354055
353816
353577
353576
353337
353336
353097
352858
352857
352618
352379
352378
352138
351899
351660
351421
351420
351419
351418
351179
350940
350700
350460
350459
350458
350219
350218
349979
349978
349739
349500
349499
349260
349259
349020
348781
348542
348303
348302
348063
348062
347823
347822
347821
347582
347581
347580
347341
347340
347339
347100
347099
347098
346859
346858
346857
346617
346616
346377
346376
346137
346136
345897
345658
345419
345180
344941
344940
344701
344462
344223
343984
343745
343506
343267
343028
342789
342550
342311
342310
342309
342070
342069
342068
341829
341828
341827
341588
341587
341348
341109
341108
340869
340630
340629
340390
340151
340150
339911
339672
339433
339432
339193
338954
338716
338477
338238
338239
338000
338001
337762
337763
337524
337525
337286
337287
337288
337049
337048
336809
336808
336569
336329
336090
336089
335850
335611
335612
335373
335134
334895
334894
334655
334654
334415
334176
333937
333936
333697
333458
333219
332980
332741
332742
332503
332504
332265
332026
332027
331788
331549
331550
331311
331312
331073
330834
330595
330356
330357
330118
329879
329880
329641
329403
329164
328925
328924
328685
328684
328445
328206
328207
327968
327729
327728
327489
327488
327249
327010
326771
326532
326293
326294
326055
326056
325817
325818
325579
325580
325341
325342
325103
324864
324625
324386
324147
324148
323909
323670
323671
323432
323193
323194
322955
322956
322717
322718
322479
322480
322241
322242
322243
322004
322005
321767
321768
321529
321290
321051
320812
320573
320334
320095
320096
319857
319618
319379
319140
318901
318662
318663
318424
318423
318184
317945
317706
317467
317228
317229
316990
316751
316752
316513
316274
316275
316036
316037
315798
315799
315560
315321
315322
315083
314844
314605
314366
314365
314126
314125
313886
313885
313646
313645
313644
313405
313404
313165
313164
312925
312926
312687
312688
312689
312690
312451
312452
312453
312214
312215
312216
311977
311738
311737
311738
311739
311740
311501
311502
311503
311504
311743
