362461
362460
362221
362460
362461
362460
362221
362220
362219
362218
362217
361978
362217
362216
362215
361976
361975
361976
361975
361976
361975
362214
361975
362214
361975
362214
361975
362214
361975
361976
361975
362214
361975
362214
361975
362214
361975
362214
361975
361976
361975
361976
361975
361976
361975
362214
361975
362214
361975
362214
361975
362214
361975
362214
361975
362214
361975
362214
361975
361976
362215
362216
362217
361978
362217
362218
362219
362220
362221
362460
362461
362460
362459
362458
362219
362457
362218
362456
362455
362216
361977
361738
361499
361260
361261
361022
360783
360782
360543
360542
360064
359825
359586
359347
359108
358869
358870
358871
358872
358873
358874
358875
358876
358877
358638
