362218
362217
362456
362455
362454
362693
362692
362691
362452
362451
362450
362449
362448
362687
362686
362685
362684
362683
362682
362681
362680
362919
363158
363157
363156
363157
363636
363875
364114
364353
364592
364831
365070
365309
365308
365309
365548
365787
365788
366027
366266
366505
366506
366507
366746
366747
366987
366988
367227
367467
367706
367946
368185
368186
368425
368426
368665
368666
368905
369145
369384
369385
369624
369863
370102
370341
370580
370581
370820
371059
371060
371299
371538
371777
372016
372255
372254
372493
372732
372971
373210
373449
373688
373450
373451
373690
