368665
368426
367467
367706
367946
368185
368186
368425
368426
368665
368666
368905
368906
369145
369144
368905
369144
369145
369384
369145
369144
368905
368666
368665
368426
368425
368186
368185
367946
367706
367942
367943
368182
368183
368422
368423
368662
368661
368900
368899
369138
369377
369378
369617
369856
369857
369858
369859
369620
369621
369622
369621
369382
369383
369145
369144
368905
368666
368665
368426
368425
368186
368185
367946
367945
367706
367467
367706
367707
367946
368185
368186
368425
368426
368665
368666
368905
369145
369384
369383
369382
369381
369380
369379
369378
369617
369378
369617
369378
369617
369145
369144
368905
368666
368665
368426
368425
368186
368185
367946
367706
