361736
361498
361259
361260
361021
361022
360783
360782
360783
360782
360783
361022
360783
361022
361261
361260
361021
361260
361259
361498
361737
361736
361975
361976
361975
361736
361976
361975
361736
359349
359348
359109
359348
359347
359586
359825
360064
360303
360542
360543
360782
360783
361022
361261
361499
361500
361499
361738
361977
361978
361979
361980
361979
361978
361977
361976
361975
361736
361975
361736
361498
361259
361260
361021
361022
361261
361262
361023
361024
361025
361026
361027
361028
360790
360791
360553
360554
360555
360316
360556
360557
