353346
353586
353109
352870
352869
352868
352867
352866
352865
352866
352867
352628
352629
352868
352630
352869
352870
352871
352872
352873
353112
353113
353114
353115
353116
353117
353118
353119
353358
353359
353598
353599
353838
353839
354078
354317
354556
354557
354796
355035
355274
355513
355752
355991
356230
356469
356708
356947
357186
357187
357426
357427
357666
357667
357906
358145
358384
358623
358622
358861
358862
359101
359100
359339
359338
359577
359815
360054
360053
360292
360291
360530
360529
360768
361008
361247
361246
361485
361486
361485
361486
361485
361724
361723
361962
361961
361960
362198
362197
362436
362435
362434
362433
362432
362671
