362916
362915
362676
362677
362678
362679
362918
362919
363158
363397
363636
363875
364114
364353
364592
364831
365070
365309
365308
365309
365548
365787
365788
366027
366266
366505
366506
366746
366747
366986
366987
366988
367227
367467
367706
367946
368185
368186
368425
368426
368665
368666
368905
368906
369145
369384
369383
369382
369621
369622
369861
370100
369861
369622
369621
369382
369383
369384
369145
369384
369145
369144
368905
368666
368665
368426
368425
368186
368185
367946
367945
367706
367467
367466
367227
366988
366987
366986
366747
366746
366506
366505
366266
366027
365788
365787
365548
365309
365308
365309
365070
365069
365070
364831
364592
364353
364113
364114
364113
363874
363875
363636
363397
363158
362919
362680
362441
362202
362201
362200
362439
362678
362677
362916
362915
362676
362437
362438
362437
362676
362915
362677
362916
362915
362676
362437
362438
362439
362200
362199
362200
362439
362200
361961
361962
361723
361962
361723
361962
361961
362200
362439
362200
