361976
361977
362216
362455
362454
362455
362454
362693
362692
362691
362451
362450
362449
362448
362687
362686
362685
362684
362683
362682
362921
362920
362921
362920
362921
362920
362921
362920
362921
362920
362919
362918
362679
362678
362677
362916
362915
362914
362913
362912
363151
362912
362911
362672
362433
362434
362435
362436
362197
362198
361960
361961
361962
361963
361724
361725
361726
361725
361724
361723
361962
361961
361960
362199
362198
362197
362436
362435
362434
362673
362912
363151
362912
362911
362672
362433
362672
