361976
361977
362216
362455
362694
362933
363172
363411
363650
363889
363890
364129
364128
364367
364366
364365
364604
364843
364842
364843
364603
364843
364842
364843
364604
364843
364842
364843
364842
364843
364842
364843
364604
364842
364843
364842
364843
364842
364843
364842
364843
364604
364843
364842
364843
364604
364843
364604
364843
364604
364843
364604
364603
364843
364842
364843
364842
364843
364604
364842
364843
364842
364843
364842
364843
364842
364843
364842
364843
364842
364843
364842
364843
364842
364843
364842
364843
364842
364843
364842
364843
364842
364843
364604
364843
364842
364843
364842
364843
364842
364843
364842
364843
364604
364603
364843
364842
364843
364603
364843
364604
364843
364842
364843
364842
364843
364842
364843
364842
364603
364842
364843
364842
364603
364843
364842
364843
364604
364843
364842
364843
364842
364843
364842
364843
364604
364843
364842
364843
364842
364843
364604
364843
364604
364603
364604
364843
364604
364843
364604
364843
364842
364843
364842
364603
364604
364843
364842
364843
364604
364843
364842
364603
364842
364843
364842
364843
364604
364843
364604
364843
364842
364843
364604
364843
364842
364843
364842
364843
364842
364843
364604
364843
364842
364843
364604
364843
364842
364843
364842
364843
364604
364843
364842
364843
364842
364843
364842
364843
364842
364843
364842
364843
364604
364843
364842
364843
364604
364843
364604
364843
364604
364843
364604
364843
364604
364842
364843
364604
364843
364842
364843
364842
364843
364604
364843
364604
364843
364842
364843
364842
364843
364604
364843
364604
364842
364604
364843
364604
364843
364604
364843
364842
364843
364842
364604
364843
364604
364842
364604
364843
364842
364843
364604
364843
364604
364842
364604
364843
364842
364843
364604
364365
364366
364367
364128
364129
363889
363650
363411
363172
362933
362694
362455
362454
362693
362692
362691
362452
362451
362450
362449
362448
362687
362686
362685
362684
362683
362682
362681
362680
362441
362202
362201
362202
361963
361962
361723
361724
361485
361486
361248
361250
361251
361252
361253
361493
361255
361256
361257
361018
361019
361020
361021
361260
361259
361498
361737
361976
