363411
363412
363413
363414
363415
363654
363892
364131
364132
364133
364132
364133
364132
364133
364132
364131
363892
363654
363415
363414
363413
363412
363411
363172
362933
362694
362455
362216
361977
361738
361499
361260
361261
361260
361021
361020
361259
361020
361019
361018
361257
361256
361255
361494
361492
361253
361252
361251
361490
361489
361488
361487
361486
361487
361486
361248
361250
361251
361252
361253
361493
361494
361255
361256
361257
361018
361019
361020
361021
361022
361261
361499
361500
361499
361738
361977
362216
362455
362694
362933
363172
363411
363650
363411
363650
363411
363650
363889
363890
364129
364128
364367
364606
364845
365084
365323
365562
365801
365800
366039
366038
366277
366276
366275
366514
366753
366752
366751
366990
366989
367227
367226
367465
367226
