362700
362457
362218
362456
362455
362454
362693
362692
362453
362692
362693
362454
362455
362694
362933
363172
363411
363650
363889
363890
364129
364128
364367
364606
364845
365084
365323
365562
365801
365800
366039
366038
366277
366276
366275
366514
366753
366752
366751
366990
366989
367228
367227
367228
367467
367706
367946
368185
368186
368425
368664
368663
368664
368425
368186
368185
367946
367706
367467
367466
367227
366989
366990
366751
366752
366514
366275
366276
366277
366038
366039
365800
365562
365323
365084
364845
364606
364605
364606
364367
364128
364129
363890
363889
363650
363411
363172
362933
362694
362455
362454
362455
362456
362217
362218
362457
362218
362456
362455
362454
362693
362692
362691
362451
362450
362449
362448
362687
362686
362685
362684
362683
362682
362681
362680
362919
363158
363157
363156
362917
362678
362677
362678
362917
363156
363397
363158
362919
362680
362681
362682
362683
362684
362685
362686
362687
362448
362449
362450
362451
362691
362692
362693
362454
362455
362456
362217
362218
