362218
362217
362456
362455
362454
362693
362692
362691
362452
362451
362450
362449
362448
362687
362686
362685
362684
362683
362682
362681
362680
362441
362202
362201
362200
362439
362678
362677
362678
362679
362918
362919
363158
363397
363636
363875
364114
364353
364592
364831
365070
365309
365308
365309
365548
365787
365788
366027
366266
366505
366506
366507
366746
366747
366987
366988
367227
367228
367467
367706
367707
367946
368185
368186
368425
368664
368663
368664
368425
368186
368185
367946
367706
367467
367466
367227
366988
366987
366986
366747
366746
366506
366505
366266
366027
365788
365787
365548
365309
365308
365309
365070
365069
365070
364831
364592
364353
364113
363874
363875
363636
363156
362917
362678
362677
362450
362451
362452
362691
362692
362693
362454
362455
362456
362217
362218
