363650
363411
363172
362933
362694
362455
362216
361977
361738
361499
361260
361261
361022
360783
360782
360543
360542
360303
360064
359825
359586
359347
359108
358869
358868
358629
358390
358389
358388
358387
358386
358385
358384
358145
357906
357667
357666
357427
357426
357187
357186
356947
356708
356469
356230
355991
355752
355513
355274
355035
354796
354556
354317
354078
354077
354076
354075
354314
354313
354314
354313
354314
354075
354076
354077
354078
354317
354556
354557
354796
355035
355274
355513
355752
355991
356230
356469
356470
356469
356708
356947
357186
357187
357426
357427
357666
357667
357906
358145
358384
358623
358622
358861
358862
359101
359100
359339
359338
359577
359816
359815
360054
360053
360292
360291
360530
360529
360768
361008
361247
361246
361485
361724
361723
361963
362202
362441
362680
362681
362682
362683
362684
362685
362686
362687
362448
362449
362450
362451
362452
362691
362692
362693
362692
362931
363170
363409
