362461
362460
362221
362220
361981
361742
361503
361264
361025
361024
361263
361262
361261
361022
360783
360782
360543
360542
360303
360064
359825
359586
359347
359108
358869
358868
358629
358390
358389
358628
358627
358388
358387
358626
358625
358626
358627
358628
358389
358390
358629
358868
358869
359108
359347
359586
359825
360064
360303
360542
360543
360782
360783
361022
361261
361260
361499
361500
361499
361738
361977
361978
362217
362218
362219
362220
362221
362460
362461
362460
362221
362220
362219
362218
362217
361978
362217
362216
362215
362214
361975
361976
361975
361976
362214
361975
362214
361975
362214
361975
362214
361975
362214
361975
362215
361975
361974
361975
361976
361975
362214
361975
361976
361975
362214
361975
362214
361975
362214
361975
362214
361975
362214
361975
362214
362215
362216
362217
361978
362217
362218
362219
362220
362221
362460
362461
