363649
363648
363649
363650
363411
363172
362933
362694
362455
362216
361977
361738
361499
361260
361261
361260
361021
361020
361259
361020
361019
361018
361257
361256
361255
361494
361493
361253
361252
361251
361490
361489
361487
361486
361485
361246
361247
361008
361007
360768
360529
360530
360291
360292
360053
360054
359815
359577
359338
359339
359100
359101
358862
358863
358862
358863
358862
358861
358622
358623
358384
358145
357906
357667
357666
357427
357426
357187
357186
356947
356708
356469
356230
355991
355752
355513
355274
355035
354796
354795
354794
354793
354792
354553
354554
354315
354314
354553
354315
354554
354553
354314
354553
354314
354553
354314
354553
354314
354553
354314
354553
354314
354553
354314
354553
354314
354553
354314
354553
354314
354553
354314
354553
354314
354553
354314
354553
354314
354553
354314
354553
354314
354553
354314
354553
354314
354553
354314
354553
354314
354553
354314
354315
354554
354555
354794
354795
354796
355035
355274
355513
355752
355991
356230
356469
356708
356947
357186
357187
357426
357427
357666
357667
357906
358145
358384
358623
358622
358861
358862
359101
359100
359339
359338
359337
359338
359099
358860
358861
358862
358863
