358638
358877
359108
359586
362462
362461
362222
361983
361744
361743
361742
361981
361980
361979
361978
361977
362216
362455
362694
362933
363172
363411
363650
363889
363890
364129
364128
364367
364606
364845
365084
365323
365562
365801
365800
366039
366038
366277
366276
366275
366514
366753
366752
366751
366990
366989
367228
367227
366988
366987
366986
366985
366986
366987
366748
366987
366988
366989
366990
366751
366752
366514
366275
366276
366277
366038
366039
365800
365801
365562
365323
365084
364845
364606
364605
364606
364367
364128
364129
363890
363889
363650
363411
363172
362933
362694
362455
362454
362455
362456
362217
362218
362457
362218
362219
362459
362460
362461
362462
