362462
362461
362460
362221
362220
362219
362218
362217
361978
362217
362216
362215
362214
361975
361976
361977
361976
361975
361976
361975
361976
361975
361976
361975
362214
362215
362216
362217
361978
362217
362218
362219
361980
361741
361980
362219
362458
362459
362460
362461
362462
362461
362460
362221
362220
362219
362218
362217
361978
362217
362216
362215
362214
361975
361976
361977
361978
361979
361980
361981
361982
362221
362460
362461
362462
362461
362222
361983
361744
361743
361742
361741
361980
362219
362218
362219
362220
