358861
358860
359099
359098
359337
359336
359575
359574
359813
359812
360051
360050
360289
360528
360767
361006
361245
361484
361723
361722
361961
362200
362439
362678
362917
363156
363395
363635
363636
363397
363396
363397
363158
362919
362680
362441
362442
362441
362202
362203
361964
361963
362202
362203
362202
362203
361964
361963
361962
361961
361960
361961
361962
361963
361964
361965
361964
361963
362202
362441
362680
362919
363158
363397
363396
363157
363156
363395
363634
363395
363156
362917
362678
362439
362200
361961
361722
361723
361484
361245
361006
360767
360528
360289
360050
360051
359812
359813
359574
359575
359336
359337
359098
359099
358860
358861
358862
358623
358624
358385
358386
358385
358146
357907
357908
357907
358146
358147
358386
358385
358624
358623
358862
358861
