361975
361976
361977
361978
361979
361980
361979
361978
361977
361976
361977
361738
361499
361260
361261
361022
360783
360782
360543
360542
360303
360064
359825
359586
359347
359348
359109
359348
359349
359348
359109
359348
359347
359586
359825
360064
360303
360542
360543
360782
360783
361022
361261
361260
361021
361020
361259
361020
361019
361018
361257
361256
361255
361494
361493
361253
361252
361491
361490
361489
361487
361486
361725
361726
361965
362204
362443
362204
361965
361726
361725
361486
361487
361486
361248
361250
361251
361252
361253
361493
361494
361255
361256
361257
361018
361019
361020
361021
361022
361261
361499
361500
361499
361738
361977
361978
361979
361980
