362457
362218
362456
362455
362694
362933
363172
363411
363650
363889
363890
364129
364128
364367
364606
364845
365084
365323
365562
365801
365800
366039
366038
366277
366276
366275
366514
366753
366752
366751
366990
366989
367228
367227
367228
367467
367706
367946
368185
368186
368425
368664
368663
368662
368663
368664
368425
368186
368185
367946
367706
367467
367466
367227
366988
366987
366986
366747
366746
366506
366505
366266
366027
365788
365787
365548
365309
365308
365309
365070
365069
365070
364831
364592
364353
364113
363874
363875
363636
363397
363158
362919
362680
362681
362682
362683
362684
362685
362686
362687
362448
362449
362450
362451
362691
362692
362693
362454
362455
362456
362217
362218
