363634
363873
363874
363636
363875
364114
364353
364592
364831
365070
365309
365308
365309
365548
365787
365788
366027
366266
366505
366506
366507
366746
366747
366987
366988
367227
367228
367467
367706
367707
367946
368185
368186
368425
368424
368423
368424
368425
368186
368185
367946
367706
367467
367466
367227
366988
366989
366990
366751
366752
366514
366275
366276
366277
366038
366039
365800
365562
365323
365084
364845
364606
364605
364606
364367
364128
364129
363890
363889
363650
363411
363172
362933
362694
362455
362216
361977
361976
361975
361976
361975
