368422
368183
368422
368423
368424
368425
368426
368425
368426
368665
368666
368905
368906
369145
368906
368907
369146
369147
368908
369147
368908
369147
369146
368907
368908
368669
368430
368191
368190
368189
368428
368667
368666
368665
368904
368903
368904
368665
368664
368663
368662
368423
368422
368423
368422
368423
368662
368663
368902
368903
369142
369143
369382
369621
369620
369621
369382
369383
369384
369145
369144
368905
368666
368665
368426
368425
368426
368427
368187
368188
368187
368188
367949
367948
368188
368187
368426
368427
368426
368425
368426
368665
368666
368905
368906
369145
369384
369383
369382
369621
369620
369621
369382
369383
369145
369144
368905
368666
368665
368426
368425
368186
368185
367946
367706
367467
367466
367227
366988
366987
366986
366987
366988
366750
366989
366990
366991
366752
366753
366514
366515
366516
366755
366754
366755
366994
366755
366516
366515
366514
366753
366752
366991
