366990
366989
366750
366988
366987
366986
366987
366988
366987
366988
367227
367228
367467
367706
367946
368185
368186
368425
368426
368665
368666
368905
369145
368906
368907
368908
369147
368908
369147
368908
368907
369146
369147
369146
368907
368906
369145
369144
368905
369144
368905
369144
369145
369384
369145
369144
368905
368666
368665
368426
368425
368186
368185
367946
367945
367706
367467
367466
367227
366988
366987
366986
367225
366986
366747
366746
366506
366505
366266
366267
366266
366267
366266
366267
366266
366267
366266
366267
366266
366267
366266
366267
366266
366267
366266
366267
366266
366267
366266
366267
366266
366267
366266
366267
366266
366267
366266
366267
366266
366267
366266
366505
366506
366746
366747
366987
366988
367227
367228
367467
367706
367707
367946
368185
368186
368425
368426
368665
368666
368905
368906
369145
368906
368907
369146
369147
369146
368907
368908
368907
369146
368907
368906
369145
369144
369145
369384
369145
369144
368905
368666
368665
368426
368425
368186
368185
367946
367706
367467
367466
367227
366988
366987
366986
367225
366986
366987
366748
366987
366988
367227
367228
367467
367706
367707
367946
368185
368186
368425
368426
368665
368666
368905
368906
369145
369384
369383
369382
369621
369620
