363161
363160
362921
362682
362681
362680
362441
362202
361963
361962
361724
361485
361246
361247
361008
361007
360768
360529
360530
360291
360292
360053
360054
359815
359577
359338
359339
359100
359101
358862
358861
358622
358623
358384
358385
358384
358145
358384
358145
358384
358145
357906
357667
357666
357427
357426
357187
357186
356947
356708
356469
356230
355991
355752
355513
355274
355035
354796
354795
354794
354555
354794
354795
354796
355035
355274
355513
355752
355991
356230
356469
356470
356469
356708
356947
357186
357187
357426
357427
357666
357667
357906
358145
358384
358623
358622
358861
358862
359101
359100
359339
359338
359577
359815
360054
360053
360292
360291
360530
360529
360768
361008
361247
361246
361485
361724
361723
361962
361963
362202
362441
362680
362681
362682
362921
363160
363161
363400
363639
363640
363639
363400
