369619
369380
369381
369382
369383
369384
369145
369144
368905
368666
368665
368426
368425
368186
368185
367946
367706
367467
367466
367227
366988
366987
366986
367225
366986
366747
366746
366506
366505
366266
366027
365788
365787
365548
365309
365308
365309
365070
365069
365070
364831
364592
364353
364113
364114
364113
363874
363875
363636
363397
363158
362919
362680
362441
362202
361963
361962
361723
361962
361963
366988
367227
367228
367467
367706
367946
368185
368186
368425
368426
368665
368666
368905
369145
369384
369383
369382
369621
369620
369618
369619
369380
369141
369142
368903
368902
368663
368662
368663
368902
368903
369142
369141
369380
369619
369620
