142890
142891
143130
143131
143130
143369
143608
143607
143846
143845
144083
144321
144559
144798
145036
145275
145514
145753
145514
145753
145752
145751
145750
145749
145988
145987
145986
145985
145984
145983
145982
145981
145980
145979
145740
145739
145738
145737
145736
145735
145495
145494
145493
145492
145491
145252
145251
145250
145249
145010
145009
145008
144769
144768
144528
144527
144288
144287
144048
144047
143808
143807
143568
143567
143328
143327
143326
143087
143086
142847
142846
142607
142606
142366
142365
142126
142125
141886
141885
141646
141645
141644
141405
141404
141165
141164
140925
140924
140923
140684
140683
140444
140443
140442
140441
140202
140201
139962
139723
139722
139483
139244
139005
139004
138765
138764
138525
138524
138285
138046
138045
138044
138043
137804
137803
137802
137563
137562
137561
137322
137321
137082
137081
136841
136601
136600
136361
136360
136120
136119
135880
135641
135402
135401
135162
135161
134922
134923
134684
134445
134444
134205
133966
133967
133728
133489
133488
133249
133248
133009
133008
132769
132768
132529
132528
132289
132288
132049
132048
132047
132046
131807
131568
131567
131328
131327
131088
131089
130850
130611
130372
130373
130134
129895
129657
129418
129179
128940
128701
128702
128463
128224
127985
127984
127983
127982
127981
127742
127741
127740
127739
127500
127499
127260
127259
127020
127019
126780
126779
126540
126301
126062
126301
126300
126539
126778
127018
127019
127018
127257
127258
127497
127496
127495
127496
127497
127258
127257
127018
127019
127018
126779
126778
126777
127016
127255
127494
127493
127254
127253
127492
