367467
367706
367707
367946
368185
368186
368425
368426
368665
368666
368905
369144
369145
369384
369385
369624
369863
370102
370341
370580
370581
370820
371059
371060
371299
371538
371777
372016
372255
372254
372493
372732
372971
373210
373449
373688
373687
373448
373449
373448
373449
373210
372971
372732
372493
372254
372255
372016
371777
371538
371299
371060
371059
370820
370581
370580
370341
370102
370101
370102
369863
369624
369385
369384
369383
369382
369621
369622
369621
369620
369859
369858
369857
369618
369619
369380
369381
369382
369383
369145
369144
368905
368666
368665
368426
368425
368186
368185
367946
367706
367467
367468
367469
367470
367471
367710
367949
368188
368189
368190
368191
368192
368193
368192
367953
368192
368193
368192
368191
368190
368189
368188
368427
368426
368425
368426
368665
368666
368905
368906
369145
369384
369383
369382
369621
369622
369621
369620
369859
369858
369857
369618
369619
369380
369379
369618
369617
369378
369379
369380
369381
369382
369383
369145
369144
368905
368666
368665
368426
368425
368186
368185
367946
367706
367942
367943
368182
368183
368422
368423
368662
368663
368902
368903
369142
369143
369382
369383
369145
369144
368905
368666
368665
368426
368425
368186
368185
367946
367706
