361980
361979
361978
361977
361976
361975
361736
361498
361259
361260
361021
361022
361261
361499
361500
361499
361738
361977
361976
361975
359347
359348
359109
359348
359349
359348
359109
359348
359347
359108
358869
358868
358629
358390
358389
358150
357911
357910
357671
357910
357911
358150
357911
358150
357911
358150
357911
358150
358389
358390
358629
358868
358869
359108
359347
359586
359825
360064
360303
360542
360543
360782
360783
361022
361261
361499
361500
361499
361738
361977
361978
361979
361980
361979
361978
361977
361976
361977
361738
361499
361260
361261
361022
361262
361023
361024
361025
361026
361027
361028
360790
360791
360553
360554
360555
360316
360556
360557
360556
360555
360554
360553
360792
360553
360554
360555
360556
360557
360556
360555
360316
360555
360554
360553
360792
360791
360790
361029
361028
361027
361026
361025
361024
361263
361262
361261
361499
361500
361738
361977
361978
361979
361980
361979
361978
361977
361976
361977
361738
361499
361260
361261
361260
361021
361020
361259
361020
361019
361018
361257
361256
361255
361494
361493
361253
361252
361251
361490
361489
361487
361486
361725
361724
361963
361964
