363156
362917
362678
362677
362678
362439
362200
361961
361962
361963
361962
361963
361962
361723
361724
361485
361246
361247
361008
361007
360768
360529
360530
360291
360292
360053
360054
359815
359577
359338
359339
359100
359101
358862
358861
358622
358623
358384
358383
358382
358381
358142
358141
357902
357903
357902
357903
358142
358141
358142
358381
358382
358383
358384
358623
358622
358861
358862
359101
359100
359339
359338
359577
359815
360054
360053
360292
360291
360530
360529
360768
361007
361008
361247
361246
361485
361724
361723
361962
361961
362200
362439
362678
362677
362678
362917
362678
362917
362916
362917
362678
362677
362678
362917
363156
363395
