362911
362912
363151
362912
362913
362914
362915
362916
362677
362678
362439
362200
362201
362202
362441
362680
362919
363158
363397
363636
363875
364114
364113
364112
364111
364110
363871
363870
363631
363392
363153
363392
363153
363392
363153
363392
363153
363392
363153
363392
363153
363392
363153
363392
363153
363392
363153
363392
363153
363392
363153
363392
363153
363392
363153
363392
363153
362914
362913
362912
363151
362912
362911
362671
362432
362433
362434
362435
362436
362197
362198
362199
362200
362201
362202
362441
362680
362919
363158
363397
363636
363875
364114
364113
363875
363636
363397
363158
362919
362680
362441
362202
362201
362200
362439
362678
362677
362916
362915
362914
362913
362912
363151
362912
362911
362912
362913
362914
362915
362916
362677
362678
362439
362200
362201
362202
361963
361008
360529
360530
360291
355035
354796
354556
353838
353599
352872
352871
352870
353109
353346
