364125
364126
363887
363886
363410
363411
363172
362933
362694
362455
362216
361977
361738
361499
361260
361261
361260
361021
361020
361259
361020
361019
361018
361257
361256
361255
361494
361493
361253
361252
361491
361490
361489
361487
361248
361250
361251
361252
361253
361493
361255
361256
361257
361018
361019
361020
361021
361022
361261
361499
361500
361499
361738
361977
361978
362217
362218
362219
362220
362219
362218
362217
361978
362217
362456
362455
362694
362933
363172
363411
363650
363411
363886
363887
364126
364125
364126
363887
363886
