127492
127491
127490
127489
127490
127491
127492
127253
127254
127493
127494
127255
127495
127256
127255
127256
127255
127016
127015
126776
126775
126536
126775
126776
126777
126778
127018
127019
127018
127257
127018
127019
127018
126779
126780
127019
127020
127259
127260
127499
127500
127739
127740
127741
127980
127981
127982
127983
127984
127985
128224
128463
128702
128701
128940
129179
129418
129657
129656
129895
130134
130373
130372
130611
130850
131089
131088
131327
131328
131567
131568
131807
132046
132047
132048
132049
132288
132289
132528
132529
132768
132769
133008
133009
133248
133249
133488
133489
133728
133967
133966
134205
134444
134445
134684
134923
134922
135161
135162
135401
135402
135641
135880
136119
136120
136121
136360
136361
136600
136601
136841
136842
137081
137082
137321
137322
137561
137562
137563
137802
137803
137804
138043
138044
138045
138046
138285
138524
138525
138764
138765
139004
139005
139244
139483
139722
139723
139962
140201
140202
140441
140442
140443
140444
140683
140684
140923
140924
140925
141164
141165
141404
141405
141644
141645
141646
141885
141886
142125
142126
142365
142366
142367
142606
142607
142846
142847
143086
143087
143327
143328
143567
143568
143807
143808
144047
144048
144287
144288
144527
144528
144768
144769
145009
145010
145249
145250
145251
145252
145491
145492
145493
145494
145495
145496
145735
145736
145737
145738
145739
145740
145979
145980
145981
145982
145983
146223
146462
146463
146702
146942
146943
147182
147183
147422
147421
147660
147661
147660
147421
147183
146944
146706
146467
146228
145989
145749
145750
145751
145752
145514
145275
145036
144797
144798
144559
144560
144321
144083
144084
143845
143846
143607
143608
143369
143130
142891
142890
142891
143130
143131
143130
143369
143608
143607
143846
143845
144084
144083
144321
144559
144798
145036
145275
145514
145753
145514
145753
145752
145751
145750
145989
145990
145991
145992
145753
145754
145753
145514
145275
145036
144798
144559
144321
144083
143845
143846
143607
143608
143369
143130
142891
142890
