362916
362677
362676
362677
362678
362917
362916
362915
363154
363393
363394
363395
363156
362917
362678
362439
362200
362439
362201
361962
361963
361964
361963
362202
361963
361962
361961
362200
362439
362438
362437
362676
362675
362674
362673
362434
362433
362672
362673
362674
362675
362676
362437
362438
362439
362438
362437
362676
362915
362676
362915
362676
362915
362676
362915
362676
362915
362676
362915
362676
362915
362676
362915
362676
362915
362676
362915
362676
362915
362676
362915
362676
362915
362676
362915
362676
362915
362676
362915
362676
362915
362676
362915
362676
362915
362676
362915
362676
362915
362676
362915
362676
362915
362676
362915
362676
362915
362676
362915
362676
362915
362676
362915
362676
362915
362676
362915
362676
362915
362676
362915
362676
362915
362676
362915
362676
362915
362676
362915
362676
362915
362676
362915
362676
362915
362676
362915
362676
362915
362676
362915
362676
362915
362676
362915
362676
362915
362676
362915
362676
362915
362676
362915
362676
362915
362676
362915
362676
362915
362676
362915
362676
362915
362676
362915
362676
362915
362676
362915
362676
362915
362676
362915
362676
362915
362676
362915
362676
362915
362676
362915
362676
362915
362676
362915
362676
362915
362676
362915
362676
362915
362676
362915
362676
362915
362676
362915
362676
362915
362916
362915
362676
362915
362676
362915
362676
362915
362676
362915
362676
362915
362676
362915
362676
362915
362676
362915
362676
362915
362676
362915
362676
362915
362676
362915
362676
362915
362676
362915
362676
362915
362676
362437
362438
362439
