361964
361963
361964
361963
361964
361963
361964
361963
361724
361485
361486
361487
361248
361487
361489
361250
361251
361252
361253
361493
361494
361255
361256
361257
361018
361019
361020
361021
361022
361261
361499
361500
361499
361738
361977
362216
362455
362456
362217
362218
362457
362218
362219
362458
362459
362460
362699
362700
362699
362460
362459
362458
362219
362218
362457
362218
362217
362456
362455
362216
361977
361976
361975
361976
361736
361498
361259
361260
361020
361259
361020
361019
361018
361257
361256
361255
361494
361493
361492
361253
361252
361491
361490
361489
361487
361486
361725
361964
361963
361964
361963
361964
361963
361964
361963
361964
361963
361964
361725
361964
361963
361964
361963
361964
361963
361964
361963
361964
361963
361964
361963
361964
361963
361964
361963
361964
361963
361964
361963
361964
361963
361964
361963
361964
361963
361964
361963
361964
361963
361964
361963
361964
361963
361964
361963
361964
361963
361964
361963
361964
361963
361964
361963
361964
361963
361964
361963
361964
361963
361964
361963
361964
361963
361964
361963
361964
361963
361964
361963
361964
361963
361964
361963
361964
361963
361964
361963
361964
361963
361964
361963
361964
361963
361964
361963
361964
