362671
362432
362433
362434
362435
362436
362197
362198
362199
362200
362201
362202
362441
362680
362919
363158
363159
363398
363637
363638
363639
363400
363399
363639
363638
363637
363398
363159
363398
363159
363158
362919
362680
362441
362202
362201
362200
362439
362678
362677
362916
362915
362914
362913
363151
362912
362911
362672
362433
362434
362435
362436
362197
362198
361960
361961
361962
361963
361724
361725
361726
361725
361724
361723
361962
361961
361960
362199
362198
362197
362436
362435
362434
362673
362912
363151
362912
362911
