362461
362460
362221
362220
361981
361742
361741
361980
361741
361742
361981
362220
362221
362460
362461
362460
362221
362220
362219
362218
362217
361978
362217
362216
362215
361976
361975
361976
361975
361976
361975
362214
361975
362214
361975
362214
361975
362214
361975
362214
361975
362214
361975
362214
361975
362214
361975
362214
361975
362214
361975
362214
361975
362214
361975
362214
361975
362214
361975
362214
361975
362214
361975
362214
361975
362214
362213
362212
362211
362212
362213
362214
361975
362214
361975
362214
361975
362214
361975
362214
361975
362214
361975
362214
361975
362214
361975
362214
361975
362214
361975
361976
361975
361976
361975
361976
362215
362216
362217
361978
362217
362218
362219
362220
362221
362460
362461
