362463
362464
362465
362226
362225
361986
361985
361745
361506
361267
361028
361029
360790
360791
360792
360553
360554
360555
360556
360317
360556
360317
360556
360555
360316
360555
360554
360553
360792
360791
360790
361029
361028
361027
361026
361025
361024
361263
361262
361261
361260
361499
361500
361499
361738
361977
361978
361977
361978
361977
361978
361977
361978
361979
361980
361981
361982
361983
362222
362461
362460
362221
362220
362219
362218
362217
361978
361977
361975
361976
361975
361976
361975
361976
361975
361976
361975
362215
362216
362217
361978
362217
362218
362219
362220
362221
362460
362461
362460
362221
362220
362219
362218
362217
361978
362217
362216
362215
362214
361975
362214
362215
362216
362217
361978
362217
362218
362219
362220
362221
362460
362461
