360290
360291
360530
360529
360768
360769
361008
361247
361246
361485
361486
361487
361248
361487
361250
361251
361252
361253
361493
361494
361255
361256
361257
361018
361019
361020
361021
361022
361261
361499
361500
361499
361738
361977
362216
362455
362456
362217
362218
362457
362218
362219
362459
362460
362461
362462
362223
362222
362223
361977
359815
359814
360053
360052
360051
360290
360051
360052
360053
359814
359815
359814
359815
359814
359815
359814
359815
359814
359815
359814
359815
359814
359815
359814
359815
359814
359815
359814
359815
359814
359815
359814
359815
359814
359815
359814
359815
359814
359815
359814
359815
359814
359815
