366009
366008
366247
366246
366485
366484
366483
366482
366481
366480
366479
366718
366717
366956
367195
367434
367673
367672
367671
367670
367431
367192
367191
366952
366951
366950
366951
366950
366951
367190
366951
367190
366951
366950
366951
366950
366711
366472
366232
365993
365754
365515
365276
365275
365036
365035
364796
364557
364318
364317
364078
363839
363600
363599
363360
363361
363122
363121
362882
363121
363122
362883
362882
362883
363122
363121
362882
363121
363122
363361
363360
363599
363600
363839
364078
364317
364318
364557
364796
365035
365036
365275
365276
365275
365276
365515
365754
365993
366232
366472
366711
366950
366951
366952
367191
367192
367431
367670
367671
367672
367673
367672
367671
367670
367431
367192
367191
366952
366951
367190
366951
366952
367191
367192
367431
367670
367671
367672
367673
367434
367195
366956
366717
366718
366479
366480
366481
366482
366483
366484
366485
366486
366487
366248
366249
366250
