35565
35566
35685
35804
35803
35921
36039
36158
36277
36276
36275
36394
36393
36392
36391
36390
36389
36270
36269
36268
36267
36266
36265
36146
36145
36144
36025
36024
36023
35904
35903
35784
35783
35664
35663
35544
35543
35423
35422
35303
35302
35183
35182
35063
35062
35061
34942
34941
34940
34821
34702
34583
34582
34463
34462
34343
34342
34341
34222
34221
34220
34101
34100
33981
33980
33860
33741
33740
33621
33502
33383
33264
33145
33144
33025
33024
32905
32904
32903
32784
32783
32664
32545
32426
32427
32308
32189
32070
32071
31952
31833
31832
31831
31830
31829
31710
31709
31590
31589
31470
31351
31470
31589
31590
31589
31708
31709
31708
31709
31708
31589
31590
31589
31588
31707
31706
