31706
31705
31706
31707
31708
31707
31708
31707
31588
31587
31468
31587
31588
31589
31590
31589
31708
31589
31590
31589
31590
31709
31710
31829
31830
31831
31832
31833
31952
32071
32070
32189
32308
32427
32426
32545
32664
32783
32784
32903
32904
32905
33024
33025
33144
33145
33264
33383
33502
33621
33740
33741
33860
33861
33980
33981
34100
34101
34220
34221
34222
34341
34342
34343
34462
34463
34582
34583
34702
34821
34940
34941
34942
35061
35062
35063
35182
35183
35302
35303
35422
35423
35424
35543
35544
35663
35664
35783
35784
35903
35904
36023
36024
36025
36144
36145
36146
36265
36266
36267
36268
36269
36270
36389
36390
36391
36392
36511
36631
36632
36751
36750
36751
36750
36632
36513
36394
36275
36276
36277
36158
36039
36040
35921
35922
35803
35804
35685
35566
35565
35566
35685
35804
35803
35922
35921
36039
36158
36277
36276
36275
36394
36395
36396
36277
36158
36039
35921
35803
35804
35685
35566
35565
