77631
77512
77631
77630
77629
77748
77747
77746
77865
77864
77863
77982
77983
78102
78103
78222
78223
78342
78461
78580
78579
78698
78697
78816
78935
78934
79053
79172
79291
79292
79291
79410
79529
79648
79767
79886
80005
80124
80123
80122
80241
80240
80359
80358
80477
80476
80595
80714
80713
80832
80951
81070
81069
81188
81187
81306
81425
81544
81545
81664
81663
81782
81783
81902
82021
82140
82139
82258
82377
82495
82614
82613
82732
82851
82850
82969
83088
83089
83208
83327
83328
83447
83566
83565
83684
83685
83804
83805
83924
83923
84042
84041
84160
84159
84278
84397
84516
84635
84636
84755
84874
84875
84994
85113
85114
85115
85234
85235
85354
85473
85592
85711
85830
85831
85950
86069
86188
86189
86308
86309
86310
86429
86430
86431
86550
86551
86552
86671
86672
86791
86910
87029
87030
87149
87150
87269
87270
87390
87509
87510
87629
87630
87749
87868
87869
87988
87989
88108
88227
88228
88229
88110
88111
88112
87993
87994
87875
87876
87877
87758
87759
87641
87642
87643
87644
87526
87527
87646
87647
87766
87885
88004
88123
88242
88361
88480
88599
88718
88837
88956
89075
89074
89193
89312
89311
89430
89429
89548
89667
89666
89785
89784
89903
90022
90021
90140
90259
90140
