91930
91931
91932
91813
91812
91693
91692
91573
91454
91455
91574
91455
91454
91573
91454
91573
91454
91573
91454
91453
91334
91333
91213
91094
91093
90974
90855
90736
90617
90498
90379
90260
90141
90022
89903
89904
89903
89784
89785
89666
89667
89548
89429
89430
89311
89192
89191
89190
89071
89072
89071
89072
89071
89072
89071
89072
89071
89072
89071
89072
89071
29114
29115
37104
36985
36986
36987
36868
36869
36750
36751
36632
36513
36394
36275
36276
36277
36158
36039
35921
35922
35803
35804
35685
35566
35565
35566
35565
35566
35565
35566
35565
35566
35565
35566
35565
35566
35565
35566
35565
35566
35565
35566
35565
35566
35565
35566
35565
35685
35565
35685
35565
35685
35565
35685
35565
35685
35565
35685
35565
35685
35565
35685
35565
35685
35565
35685
35565
35685
35565
35685
35565
35685
35565
35685
35565
35685
35565
35685
35565
35685
35565
35685
35565
35685
35565
35685
35565
35685
35565
35685
35565
35685
35565
35685
35565
35685
35565
35685
35565
35685
35565
35685
35565
35685
35565
35685
35565
35685
35565
35685
35565
35685
35565
35685
35565
35685
35565
35685
35565
35685
35565
35685
35565
35685
35565
35804
35565
35803
35565
35803
35565
35803
35565
35803
35565
35803
35565
35803
35565
35803
35565
35803
35565
35803
35565
35803
35565
35803
35565
35803
35565
35803
35565
35803
35565
35803
35565
35803
35565
35803
35565
35922
35565
35921
35565
35921
35565
35921
35565
35921
35565
35921
35565
35921
35565
35921
35565
35921
35565
35921
35565
35921
35565
35921
35565
35921
35565
35921
35565
35921
35565
35921
35565
35921
35565
35921
35565
36039
35565
36039
35565
36039
35565
36039
35565
36039
35565
36039
35565
36039
35565
36039
35565
36039
35565
36039
35565
36039
35565
36039
35565
36039
35565
36039
35565
36039
35565
36158
35565
36158
35565
36158
35565
36158
35565
36158
35565
36158
35565
36158
35565
36158
35565
36158
35565
36158
35565
36158
35565
36158
35565
36158
35565
36158
35565
36158
35565
36158
35565
36158
35565
36277
35565
36277
35565
36277
35565
36277
35565
36277
35565
36277
35565
36277
35565
36277
35565
36277
35565
36277
35565
36277
35565
36277
35565
36277
35565
36277
35565
36277
35565
36277
35565
36277
35565
36276
35565
36276
35565
36276
35565
36276
35565
36276
35565
36276
35565
36276
35565
36276
35565
36276
35565
36276
35565
36276
35565
36276
35565
36276
35565
36276
35565
36275
35565
36275
35565
36275
35565
36275
35565
36275
35565
36275
35565
36275
35565
36275
35565
36394
35565
36394
35565
36394
35565
36394
35565
36394
35565
36394
35565
36394
35565
36394
35565
36394
35565
36394
35565
36394
35565
36394
35565
36394
35565
36394
35565
36394
35565
36394
35565
36394
35565
36394
35565
36394
35565
36394
35565
36394
35565
36394
35565
36394
35565
36394
35565
36394
35565
36394
35565
36394
35565
36394
35565
36394
35565
36394
35565
36394
35565
36394
35565
36394
35565
36394
35565
36394
35565
36394
35565
36394
35565
36394
35565
36394
35565
36394
35565
36394
35565
36394
35565
36394
35565
36394
35565
36394
35565
36394
35565
36394
35565
36394
35565
36394
35565
36394
35565
36394
35565
36394
35565
36394
35565
36394
35565
36394
35565
36394
35565
36394
35565
36394
35565
36394
35565
36394
35565
36394
35565
36394
35565
36394
35565
36394
35565
36394
35565
36394
35565
36394
35565
36394
35565
36394
35565
36394
35565
36394
35565
36394
35565
36394
35565
36394
35565
36394
35565
36394
35565
36394
35565
36394
35565
36394
35565
36394
35565
36394
35565
36394
35565
36394
35565
36394
35565
36394
35565
36394
35565
36394
35565
36394
35565
36394
35565
36394
35565
36394
35565
36394
35565
36394
35565
36394
35565
36394
35565
36394
35565
36394
35565
36394
35565
36394
35565
36394
35565
36394
35565
36394
35565
36394
35565
36394
35565
36394
35565
36394
35565
36394
35565
36394
35565
36394
35565
36394
35565
36394
35565
36394
35565
36394
35565
36394
35565
36394
35565
36394
35565
36394
35565
36394
35565
36394
35565
36394
35565
36394
35565
36394
35565
36394
35565
36394
35565
36394
35565
36394
35565
36394
35565
36394
35565
36394
35565
36394
35565
36394
35565
36394
35565
36394
35565
36394
35565
36394
35565
36394
35565
36394
35565
36394
35565
36394
35565
36394
35565
36394
35565
36394
35565
36394
35565
36394
35565
36394
35565
36394
35565
36394
35565
36394
35565
36394
35565
36394
35565
36394
35565
36394
35565
36394
35565
36394
35565
36394
35565
36394
35565
36394
35565
36394
35565
36394
35565
36394
35565
36394
35565
36394
35565
36394
35565
36394
35565
36394
35565
36394
35565
36394
35565
36394
35565
36394
35565
36394
35565
36394
35565
36394
35565
36394
35565
36394
35565
36394
35565
36394
35565
36394
35565
36394
35565
36394
35565
36394
35565
36394
35565
36394
35565
36394
35565
36394
35565
36394
35565
36394
35565
36394
35565
36394
35565
36394
35565
36394
35565
36394
35565
36394
35565
36394
35565
36394
35565
36394
35565
36394
35565
36394
35565
36394
35565
36394
35565
36394
35565
36394
35565
36394
35565
36394
35565
36394
35565
36394
35565
36394
35565
36394
35565
36394
35565
36394
35565
36394
35565
36394
35565
36394
35565
36394
35565
36394
35565
36394
35565
36394
35565
36394
35565
36394
35565
36394
35565
36394
35565
36394
35565
36394
35565
36394
35565
36394
35565
36394
35565
36394
35565
36394
35565
36394
35565
36394
35565
36394
35565
36394
35565
36394
35565
36394
35565
36394
35565
36394
35565
36394
35565
36394
35565
36394
35565
36394
35565
36394
35565
36394
35565
36394
35565
36394
35565
36394
35565
36394
35565
36394
35565
36394
35565
36394
35565
36394
35565
36394
35565
36394
35565
36394
35565
36394
35565
36394
35565
36394
35565
36394
35565
36394
35565
36394
35565
36394
35565
36394
35565
36394
35565
36394
35565
36394
35565
36394
35565
36394
35565
36394
35565
36394
35565
36394
35565
36394
35565
36394
35565
36394
35565
36394
35565
36394
35565
36394
35565
36394
35565
36394
35565
36394
35565
36394
35565
36394
35565
36394
35565
36394
35565
36394
35565
36394
35565
36394
35565
36394
35565
36394
35565
36394
35565
36394
35565
36394
35565
36394
35565
36394
35565
36394
35565
36394
35565
36394
35565
36394
35565
36394
35565
36394
35565
36394
35565
36394
35565
36394
35565
36394
35565
36394
35565
36394
35565
36394
35565
36394
35565
36394
35565
36394
35565
36394
35565
36394
35565
36394
35565
36394
35565
36394
35565
36394
35565
36394
35565
36394
35565
36394
35565
36394
35565
36394
35565
36394
35565
36394
35565
36394
35565
36394
35565
36394
35565
36394
35565
36394
35565
36394
35565
36394
35565
36394
35565
36394
35565
36394
35565
36394
35565
36394
35565
36394
35565
36394
35565
36394
35565
36394
35565
36394
35565
36394
35565
36394
35565
36394
35565
36394
35565
36394
35565
36394
35565
36394
35565
36394
35565
36394
35565
36394
35565
36394
35565
36394
35565
36394
35565
36394
35565
36394
35565
36394
35565
36394
35565
36394
35565
36394
35565
36394
35565
36394
35565
36394
35565
36394
35565
36394
35565
36394
35565
36394
35565
36394
35565
36394
35565
36394
35565
36394
35565
36394
35565
36394
35565
36394
35565
36394
35565
36394
35565
36394
35565
36394
35565
36394
35565
36394
35565
36394
35565
36394
35565
36394
35565
36394
35565
36394
35565
36394
35565
36394
35565
36394
35565
36394
35565
36394
35565
36394
35565
36394
35565
36394
35565
36394
35565
36394
35565
36394
35565
36394
35565
36394
35565
36394
35565
36394
35565
36394
35565
36394
35565
36394
35565
36394
35565
36394
35565
36394
35565
36394
35565
36394
35565
36394
35565
36394
35565
36394
35565
36394
35565
36394
35565
36394
35565
36394
35565
36394
35565
36394
35565
36394
35565
36394
35565
36394
35565
36394
35565
36394
35565
36394
35565
36394
35565
36394
35565
36394
35565
36394
35565
36394
35565
36394
35565
36394
35565
36394
35565
36394
35565
36394
35565
36394
35565
36394
35565
36394
35565
36394
35565
36394
35565
36394
35565
36394
35565
36394
35565
36394
35565
36394
35565
36394
35565
36394
35565
36394
35565
36394
35565
36394
35565
36394
35565
36394
35565
36394
35565
36394
35565
36394
35565
36394
35565
36394
35565
36394
35565
36394
35565
36394
35565
36394
35565
36394
35565
36394
35565
36394
35565
36394
35565
36394
35565
36394
35565
36394
35565
36394
35565
36394
35565
36394
35565
36394
35565
36394
35565
36394
35565
36394
35565
36394
35565
36394
35565
36394
35565
36394
35565
36394
35565
36394
35565
36394
35565
36394
35565
36394
35565
36394
35565
36394
35565
36394
35565
36394
35565
36394
35565
36394
35565
36394
35565
36394
35565
36394
35565
36394
35565
36394
35565
36394
35565
36394
35565
36394
35565
36394
35565
36394
35565
36394
35565
36394
35565
36394
35565
36394
35565
36394
35565
36394
35565
36394
35565
36394
35565
36394
35565
36394
35565
36394
35565
36394
35565
36394
35565
36394
35565
36394
35565
36394
35565
36394
35565
36394
35565
36394
35565
36394
35565
36394
35565
36394
35565
36394
35565
36394
35565
36394
35565
36394
35565
36394
35565
36394
35565
36394
35565
36394
35565
36394
35565
36394
35565
36394
35565
36394
35565
36394
35565
36394
35565
36394
35565
36394
35565
36394
35565
36394
35565
36394
35565
36394
35565
36394
35565
36394
35565
36394
35565
36394
35565
36394
35565
36394
35565
36394
35565
36394
35565
36394
35565
36394
35565
36394
35565
36394
35565
36394
35565
36394
35565
36394
35565
36394
35565
36394
35565
36394
35565
36394
35565
36394
35565
36394
35565
36394
35565
36394
35565
36394
35565
36394
35565
36394
35565
36394
35565
36394
35565
36394
35565
36394
35565
36394
35565
36394
35565
36394
35565
36394
35565
36394
35565
36394
35565
36394
35565
36394
35565
36394
35565
36394
35565
36394
35565
36394
35565
36394
35565
36394
35565
36394
35565
36394
35565
36394
35565
36394
35565
36394
35565
36394
35565
36394
35565
36394
35565
36395
35565
36395
35565
36395
35565
36395
35565
36395
35565
36395
35565
36395
35565
36395
35565
36395
35565
36395
35565
36395
35565
36395
35565
36395
35565
36395
35565
36395
35565
36395
35565
36395
35565
36395
35565
36395
35565
36395
35565
36395
35565
36395
35565
36395
35565
36395
35565
36395
35565
36395
35565
36395
35565
36395
35565
36395
35565
36395
35565
36395
35565
36395
35565
36395
35565
36395
35565
36395
35565
36395
35565
36395
35565
36395
35565
36395
35565
36395
35565
36394
35565
36394
35565
36394
35565
36394
35565
36394
35565
36394
35565
36394
35565
36394
35565
36394
35565
36394
35565
36394
35565
36394
35565
36394
35565
36394
35565
36394
35565
36394
35565
36394
35565
36394
35565
36394
35565
36394
35565
36395
35565
36395
35565
36395
35565
36395
35565
36395
35565
36395
35565
36395
35565
36395
35565
36395
35565
36395
35565
36395
35565
36395
35565
36395
35565
36395
35565
36395
35565
36395
35565
36395
35565
36395
35565
36395
35565
36395
35565
36395
35565
36395
35565
36395
35565
36395
35565
36395
35565
36395
35565
36395
35565
36395
35565
36395
35565
36395
35565
36395
35565
36395
35565
36395
35565
36395
35565
36395
35565
36395
35565
36395
35565
36278
36277
36158
36039
35921
35922
35803
