90150
90149
90148
90147
90028
90029
89910
89911
90029
90030
90029
90148
90147
89434
89435
89434
89315
89314
89195
89076
89075
89076
89195
89076
89195
89076
89195
89076
89195
89314
89315
89434
89553
89672
89791
89792
89911
90029
90030
90029
90148
90149
90150
90149
90148
90029
89910
89911
89912
89913
89914
89795
89796
89797
89678
89798
89797
89796
89797
89798
89797
89678
89797
89796
89795
89914
89913
89912
89911
90029
90030
90029
90148
90149
90150
90149
90148
90029
89910
89911
89910
89909
89908
90027
90026
89907
89906
90025
90024
90023
90022
90141
90142
