90505
90386
90267
90268
90149
90150
90149
90148
90147
90148
90149
90150
90269
90270
90389
90508
90509
90390
90509
90390
90509
90390
90509
90390
90509
90390
90509
90390
90509
90390
90509
90390
90509
90390
90509
90390
90509
90390
90509
90390
90509
90390
90509
90390
90509
90390
90509
90390
90509
90390
90509
90390
90509
90390
90509
90390
90509
90390
90509
90390
90509
90508
90509
90508
90509
90390
90509
90390
90509
90390
90509
90390
90509
90390
90509
90390
90509
90390
90509
90390
90509
90390
90509
90390
90509
90390
90509
90390
90509
90390
90509
90390
90509
90508
90509
90390
90509
90390
90509
90508
90390
90509
90390
90509
90390
90509
90390
90509
90390
90389
90508
90389
90270
90269
90150
90149
90268
90267
90386
90505
