90378
90377
90258
90377
90258
90259
90258
90377
90258
90377
90258
90377
90258
90377
90258
90377
90258
90377
90258
90377
90258
90377
90258
90377
90258
90377
90258
90377
90258
90377
90258
90377
90258
90377
90258
90377
90258
90377
90258
90377
90258
90377
90258
90377
90258
90377
90258
90377
90258
90377
90258
90377
90258
90377
90258
90377
90258
90377
90258
90377
90258
90377
90258
90377
90258
90377
90258
90377
90258
90377
90258
90377
90258
90377
90258
90377
90258
90377
90258
90377
90258
90377
90258
90377
90258
90377
90378
90259
90378
90379
90498
90617
90616
90497
90378
90259
