89548
89547
89548
89547
89548
89547
89548
89547
89548
89547
89548
89547
89548
89547
89548
89547
89548
89547
89548
89547
89548
89547
89548
89547
89548
89547
89548
89547
89548
89547
89548
89547
89548
89547
89548
89547
89548
89547
89548
89547
89548
89547
89548
89547
89548
89547
89548
89547
89548
89547
89548
89547
89548
89547
89548
89547
89548
89547
89548
89547
89548
89547
89548
89547
89548
89547
89548
89547
89666
89665
89666
89785
89784
89904
89903
90022
90023
89904
90023
90024
89905
89906
89907
90026
89908
89909
89910
89911
90029
90030
90029
90148
90267
90268
90149
90268
90149
90150
90269
90270
90271
