90141
90022
89903
89904
89903
89784
89785
89666
89667
89548
89429
89430
89311
89192
89193
89194
89195
89076
89075
88956
88837
88836
88717
88598
88479
88360
88241
88242
88243
88125
88126
88127
88008
88009
88010
87891
87772
87773
87774
87655
87656
87775
87776
87657
87658
87659
87660
87661
87662
87543
87544
87425
87426
87427
87428
87429
87430
87549
87550
87551
87432
87433
87434
87435
87436
87437
87438
87319
87320
87321
87202
87203
87084
86965
86966
86847
86728
86729
86610
86611
86492
86373
86492
86493
86374
86375
86256
86257
86138
