91437
91318
91319
91200
91201
91202
91203
91084
91085
90966
90967
90966
91085
91084
91203
91204
91205
91206
91207
91326
91327
91328
91209
91092
91093
91094
91093
90974
90855
90736
90617
90498
90379
90260
90261
90262
90263
90264
90265
90266
90267
90268
90149
90268
90149
90150
90269
90270
90151
90150
90149
90148
90147
90148
90147
90148
90147
90148
90147
90148
90149
90150
90151
90270
90271
90390
90389
90508
90509
90390
90389
90508
90389
90508
90389
90390
90271
90270
90151
90150
90031
90150
90031
90150
90031
90150
90149
90150
90151
90270
