90140
90141
90022
90141
90022
90141
90140
90259
90258
90257
90258
90259
90258
90377
90378
90377
90258
90377
90258
90377
90258
90377
90258
90377
90258
90377
90258
90377
90258
90377
90258
90377
90258
90377
90258
90377
90258
90377
90258
90377
90258
90377
90258
90377
90258
90377
90258
90377
90258
90377
90258
90377
90258
90377
90258
90377
90258
90377
90258
90377
90258
90377
90258
90377
90258
90377
90258
90377
90258
90377
90258
90377
90258
90377
90258
90377
90258
90377
90258
90377
90258
90377
90258
90377
90258
90377
90258
90377
90258
90377
90258
90377
90258
90377
90258
90377
90258
90377
90258
90377
90258
90377
90258
90377
90258
90259
