58304
58305
58186
58305
58186
58305
58186
58185
58184
58183
58182
58300
58297
58296
58295
58294
58293
58292
58291
58290
58405
58404
58403
58401
58400
58399
58398
58397
58396
58395
58513
58512
58511
58510
58509
58508
58507
58506
58623
58622
58619
58618
58617
58735
58734
58733
58731
58730
58728
58727
58726
58725
58724
58723
58722
58721
58720
58719
58718
58717
58716
58715
58714
58713
58712
58711
58710
58709
58708
58707
58706
58705
58704
58703
58702
58820
58819
58818
58817
58816
58814
58813
58812
58811
58804
58914
58910
58906
58905
58904
58895
58894
58892
58891
58889
58886
58758
58757
58756
58755
58754
58871
58870
58869
58982
59100
59099
59218
59217
59216
59335
59334
59333
59450
59568
59567
59685
59684
59803
59802
59801
59920
59919
59918
60036
60035
60034
60153
60152
60151
60269
60268
60386
60385
61083
61200
61199
61433
61432
61549
61548
61666
61665
61783
61782
61900
61899
61898
62016
62015
62014
62132
62131
62130
62249
62248
62247
62365
62364
62363
62482
62481
62480
62598
62597
62596
62714
62830
62829
62947
62946
63064
63063
63062
63180
63179
63178
63296
64688
64687
65264
65603
65831
65829
65947
65946
65943
66060
66059
66058
66057
66056
66055
66173
66172
66283
66282
66399
66398
66397
66396
66395
66394
66737
66736
66735
66734
66849
66848
67187
67184
67411
67410
67409
67527
67526
67523
67522
67640
67639
67638
67637
67636
67754
67753
67752
67751
67750
67868
67867
67866
67865
67864
67863
67981
67980
67979
67978
67977
67976
67975
68093
68092
68321
68320
68439
68554
68553
69016
69246
69365
69364
69482
69481
69480
69479
69597
69596
69595
69713
69712
69711
69829
69827
69944
69943
69942
70061
70060
70059
70058
70177
70176
70175
70292
70291
70290
70407
70406
70524
70523
70522
70521
70640
70639
70638
70637
70755
70754
70753
70752
70871
70870
70869
70868
70986
70985
70984
70983
71102
71216
71215
71333
71332
71331
71449
71448
71447
71565
71564
71563
71562
71680
71679
71678
71796
71795
71794
71910
72259
72258
72257
72374
72372
72490
72719
72718
72836
72835
72834
72949
73067
73066
73065
73183
73182
73181
73180
73299
73298
73297
73296
73295
73414
73413
73412
73411
73529
73528
73527
73526
73645
73644
73643
73642
73760
73759
73758
73876
73875
73874
73873
102085
102564
109012
108521
107669
106820
106819
106700
106699
106698
106579
106578
106458
106457
106456
106337
106336
106335
106216
106215
106214
106095
106094
106093
105974
105973
105853
105852
105732
105731
105611
105610
105490
105370
105369
105250
105249
105248
105129
105128
105008
105007
104887
104886
104767
104766
104646
