92048
92050
91931
91932
91931
91812
91931
91932
91813
91932
91931
92050
92051
92050
91931
91932
91813
91812
91693
91692
91573
91454
91453
91334
91333
91332
91213
91094
91093
90974
90855
90736
90617
90498
90379
90260
90141
90022
89903
89904
89903
89784
89785
89666
89667
89548
89429
89430
89311
89192
89191
89190
89071
89072
89071
89072
89191
89190
89191
89192
89311
89430
89429
89548
89667
89666
89785
89784
89904
89903
90022
90141
90260
90379
90498
90617
90736
90855
90974
91093
91094
91213
91333
91334
91453
91454
91573
91692
91693
91812
91813
91932
91931
92050
91931
91932
91813
91812
91693
91692
91573
91454
91453
91334
91333
91332
91213
91214
91333
91334
91453
91454
91573
91692
91693
91812
91813
91932
91931
92050
92049
91930
92049
92048
91929
92048
91929
92048
91929
92048
91929
