90140
90259
90140
90021
90022
89903
89784
89785
89666
89667
89548
89429
89430
89311
89312
89193
89074
89075
88956
88837
88718
88599
88480
88361
88242
88123
88004
87885
87766
87647
87646
87527
87526
87644
87643
87642
87641
87759
87758
87877
87876
87875
87994
87993
88112
88111
88110
88229
88228
88227
88108
87989
87988
87869
87868
87749
87629
87510
87509
87390
87270
87269
87150
87149
87030
87029
86910
86791
86672
86671
86552
86551
86550
86431
86430
86429
86310
86309
86308
86189
86188
86069
85950
85831
85830
85711
85592
85473
85354
85235
85234
85115
85114
85113
84994
84875
84874
84755
84636
84635
84516
84397
84278
84159
84160
84041
84042
83923
83924
83805
83804
83685
83684
83565
83566
83447
83328
83327
83208
83089
83088
82969
82850
82851
82732
82613
82614
82495
82496
82377
82258
82139
82140
82021
81902
81783
81782
81663
81664
81545
81544
81425
81306
81187
81188
81069
81070
80951
80832
80713
80714
80595
80476
80477
80358
80359
80240
80241
80122
80123
80124
80005
79886
79767
79648
79529
79410
79291
79292
79291
79172
79053
78934
78935
78816
78697
78698
78579
78580
78461
78342
78223
78222
78103
78102
77983
77982
77863
77864
77865
77746
77747
77748
77629
77628
77629
77630
77511
77512
77631
