90141
90142
90141
90022
90023
89904
90024
89905
89906
89907
90026
90027
89908
89909
89910
90029
90028
90147
90148
90149
90148
90147
90028
90029
89910
89909
89908
90027
90026
89907
89906
90025
90024
90023
90142
90141
90142
90141
90142
90141
90142
90141
90142
90141
90142
90141
90142
90141
90022
90141
90142
90141
90142
90141
90142
90141
90142
90141
90142
90141
90142
90141
90142
90023
90142
90141
90142
90141
90142
90141
90142
90141
90142
90141
90142
90141
90142
90141
90142
90141
90142
90141
90142
90141
90023
90142
