92289
92170
92171
92170
92171
92052
91933
91932
91813
91812
91693
91692
91573
91454
91573
91692
91693
91812
91813
91932
91931
91930
91929
92048
91929
92048
91929
92048
91929
92048
91929
92048
91929
92048
91929
92048
91929
92048
91929
92048
91929
92048
91929
92048
91929
92048
91929
92048
91929
92048
91929
92048
91929
92048
91929
92048
91929
92048
91929
92048
91929
92048
91929
92048
91929
92048
91929
92048
91929
92048
91929
92048
91929
92048
91929
92048
91929
92048
91929
92048
91929
92048
91929
92048
91929
92048
91929
92048
91929
92048
91929
92048
91929
92048
91929
92048
91929
92048
91929
92048
91929
92048
91929
92048
91929
92048
91929
92048
91929
92048
91929
92048
91929
92048
91929
92048
91929
92048
91929
92048
91929
92048
91929
91931
91932
91813
