90271
90272
90153
90152
90033
89914
89795
89796
89797
89798
89679
89798
89679
89798
89797
89678
89797
89796
89795
89914
89913
89912
89911
90029
90030
90029
90148
90149
90150
90151
90270
90271
90148
90029
89910
89911
89910
89909
89908
90027
89907
89906
90025
90024
90023
90022
89903
89904
89903
89784
89785
89666
89667
89548
89429
89548
89547
89548
89547
89548
89547
89548
89547
89548
89547
89548
89547
89548
89547
89548
89547
89548
89547
89548
89547
89548
89547
89548
89547
89548
89547
89548
89547
89548
89547
89548
89547
89548
89547
89548
89547
89548
89547
89548
89547
89548
89547
89548
89547
89548
89547
89548
89547
89548
89547
89548
89547
89548
89547
89548
89547
89548
89547
89548
89547
89548
89547
89548
89547
89548
89547
89548
89547
89548
89547
89548
89547
89548
89547
89548
89547
89548
89547
89548
89547
89548
89547
89548
89547
89548
89547
89548
89547
89548
89547
89548
89547
89548
89547
89548
89547
89548
89547
89548
89547
89548
89547
89548
89547
89666
89665
89666
89665
89666
89665
