65603
65722
65603
65602
65483
65601
65600
65599
65718
65719
65718
65599
65598
65479
65359
65239
65358
65357
65356
65355
65474
65473
65592
65591
65590
65709
65708
65707
65706
65705
65704
65823
65822
65821
65820
65819
65818
65817
65816
65815
65933
65932
65931
65930
65929
65928
65927
65926
65925
66044
66043
66042
66041
66040
66039
66038
66037
66036
66035
66154
66153
66152
66032
66031
66030
66029
66028
66027
66026
66025
66024
66023
66022
66021
66020
66019
66018
66017
66016
66015
66014
65895
65894
65893
65892
65891
65890
65889
65888
65887
65886
65885
65884
65883
65882
65881
65880
65879
65878
65758
65757
65756
65755
65754
65753
65752
65751
65750
65749
65748
65747
65746
65745
65744
65743
65623
65622
65621
65620
65619
65618
65617
65616
65615
65614
65613
65612
65611
65610
65609
65489
65488
65487
65486
65485
65484
65483
65482
65481
65480
65479
65478
65477
65476
65475
65355
65354
65353
65352
65351
65350
65349
65348
65347
65346
65345
65344
65343
65342
65341
65222
65221
65220
65219
65218
65217
65216
65215
65214
65213
65212
65211
65210
65209
65208
65089
65088
65087
65086
65085
65084
65083
65082
65081
65080
65079
65078
65077
65076
64956
64955
64954
64953
64952
64951
64950
64949
64948
64947
64946
64945
64944
64943
64942
64941
64940
64939
64938
64937
64936
64935
64934
64933
64932
64931
64930
64929
64928
64927
64926
64807
64806
64805
64804
64803
64802
64801
64800
64799
64798
64797
64796
64795
64794
64793
64792
64791
64790
64789
64788
64787
64786
64785
64784
64783
64782
64781
64780
64779
64778
64777
64776
64775
64774
64773
64772
64771
64770
64769
64768
64767
64766
64765
64646
64645
64644
64643
64642
64641
64640
64639
64638
64637
64636
64635
64634
64633
64632
64631
64630
64629
64628
64627
64626
64625
64624
64623
64622
64502
64501
64500
64499
64498
64497
64496
64495
64494
64493
64492
64491
64490
64489
64488
64487
64486
64366
64365
64364
64363
64362
64361
64360
64359
64358
64357
64356
64355
64354
64353
64352
64351
64350
64231
64230
64229
64228
64227
64226
64225
64224
64223
64222
64221
64220
64219
64218
64217
64216
64096
64095
64094
64093
64092
64091
64090
64089
64088
64087
64086
64085
64084
64083
64082
63962
63961
63960
63959
63958
63957
63956
63955
63954
63953
63952
63833
63832
63831
63830
63829
63828
63827
63826
63825
63824
63823
63822
63703
63702
63701
63700
63699
63698
63697
63696
63695
63694
63574
63573
63572
63571
63570
63569
63568
63567
63566
63446
63445
63444
63443
63442
63441
63440
63439
63438
63316
63315
63314
63313
63312
63311
63310
63309
63189
63188
63187
63186
63185
63184
63183
63063
63062
63061
62937
62812
62810
62809
62808
62807
62687
62683
62562
62561
62560
62558
62439
62438
62437
62436
62434
62315
62314
62313
62312
62311
62310
62190
62189
62188
62187
62186
62067
62066
62065
62064
62063
62062
61943
61942
61941
61940
61939
61938
61818
61817
61816
61815
61814
61694
61693
61692
61691
61690
61689
61688
61569
61568
61567
61566
61446
61445
61444
61443
61442
61323
61321
61320
61201
61200
61199
61198
61197
61078
61077
61076
61075
60956
60955
60954
60953
60834
60833
60832
60831
60712
60711
60710
60709
60708
60589
60588
60587
60586
60467
60466
60465
60346
60345
60226
60225
60106
60105
59986
59985
59866
59865
59746
59745
59744
59624
59625
59624
59505
59504
59385
59384
59265
59264
59145
59144
59025
59024
58905
58904
58785
58784
58664
58544
58543
58424
58423
58304
58305
58306
58307
58308
58309
58310
58311
58312
58313
58314
58315
58316
58317
58437
58680
58799
89071
89072
89071
89072
89071
89072
89071
89072
89191
89190
89191
89192
89311
89430
89429
89548
89667
89666
89785
89784
89785
89904
89903
90022
90141
90140
90259
90378
90498
90379
90260
90261
90262
90263
90264
90265
90266
90267
90268
90149
