90381
90380
90261
90262
90263
90264
90265
90266
90267
90268
90149
90150
90149
90150
90149
90150
90149
90268
90267
90266
90265
90264
90263
90262
90261
90380
90381
90380
90261
90262
90263
90264
90265
90266
90267
90148
90029
89910
89911
89792
89791
89672
89553
89434
89433
89434
89433
89434
89433
89434
89433
89434
89315
89314
89195
89314
89195
89314
89195
89314
89195
89194
89193
89192
89311
89430
89429
89548
89667
89666
89785
89784
89903
89904
89903
90022
90141
90260
90261
90380
90381
90500
90499
90381
90380
90261
90262
90263
90264
90265
90266
90267
90268
90149
90150
90149
90150
90149
90150
90149
90150
