14271
14390
14509
14628
14747
14866
14867
14866
14867
14866
14867
14866
14867
14866
14867
14866
14867
14866
14867
14866
14867
14866
14867
14866
14867
14866
14867
14866
14867
14866
14747
14866
14867
14866
14867
14866
14747
14746
14745
14746
14747
14748
14747
14746
14745
14744
14625
14624
14623
14622
14503
14502
14383
14264
14263
14144
14143
14142
14023
13903
13902
13901
14020
14019
14138
14137
14136
14016
14135
14016
14135
14016
14135
14016
14135
14016
14015
14016
14135
14016
14135
14016
14136
14137
14138
14019
14020
13901
13902
13903
14023
14142
14143
14144
14263
14264
14383
14502
14503
14622
14623
14624
14625
14744
14745
14746
14747
14866
14867
14868
14987
15106
15105
15224
15343
15462
15581
15462
15463
15582
15701
15700
15701
15700
15701
15700
15819
15700
15701
15820
15939
16058
16177
16178
16297
16298
16417
16536
16537
16536
16417
16536
16537
16656
16775
16776
16895
16894
17013
17012
17131
17130
17129
17128
17247
17246
17365
17484
17603
17602
17721
17840
17841
17960
17961
18080
18079
18198
