90141
90142
90141
90142
90141
90142
90141
90142
90141
90142
90141
90142
90141
90142
90141
90142
90141
90142
90141
90142
90141
90140
90021
90022
89903
89784
89665
89546
89427
89308
89189
89308
89309
89190
89191
89190
89071
89072
89071
89072
6286
6285
6284
6285
6404
6405
6406
6407
6288
6289
6290
6291
6172
6171
6290
6289
6288
6407
6406
6405
6404
6403
6402
6401
6400
6519
6638
6757
6876
6995
7114
7233
7352
7471
7590
7709
7828
7947
7946
8065
8184
8303
8422
8541
8540
8659
8778
8897
9016
9135
9254
9255
9254
9255
9374
9493
9612
9731
9730
9849
9968
10087
10088
10087
10206
10325
10444
10563
10564
10683
10802
10803
10922
11041
11160
11279
11278
11397
11516
11635
11636
11755
11874
11875
11994
11995
12114
12115
12116
12235
12354
12473
12474
12593
12594
12713
12833
12834
12715
12834
12835
12836
12955
12956
13075
13076
13195
13314
13315
13316
13435
13436
13437
13556
13557
13676
13677
13796
13795
13914
14033
14152
14271
