90148
90029
89910
89911
89910
89909
89908
90027
90026
89907
89906
90025
90024
90023
90022
89903
89904
89903
89784
89785
89666
89667
89548
89429
89548
89547
89548
89547
89548
89547
89548
89547
89548
89547
89548
89547
89548
89547
89548
89547
89548
89547
89548
89547
89548
89547
89548
89547
89548
89547
89548
89547
89548
89547
89548
89547
89548
89547
89548
89547
89548
89547
89548
89547
89548
89547
89548
89547
89548
89547
89548
89547
89548
89547
89548
89547
89548
89547
89548
89547
89548
89547
89548
89547
89548
89547
89548
89547
89548
89547
89548
89547
89548
89547
89548
89547
89548
89547
89548
89547
89548
89547
89548
89547
89548
89547
89548
89547
89548
89547
89548
89547
89548
89547
89548
89547
89548
89547
89548
89547
89548
89547
89666
89665
89666
89547
89666
89547
89548
89547
89548
89547
89548
89547
89548
89547
89548
89547
89548
89547
89548
89547
89548
89547
89548
89547
89548
89547
89548
89547
89548
89547
89548
89547
89548
89547
89548
89547
89548
89547
89548
89547
89548
89547
89548
89547
89548
89547
89548
89547
89548
89547
89548
89547
89548
89547
89548
89547
89548
89547
89548
89547
89548
89547
89548
89547
89548
89547
89548
89547
89548
89547
89548
89547
89548
89547
89548
