92048
91929
92048
91929
92048
91929
92048
91929
92048
91929
92048
91929
92048
91929
92048
91929
92048
91929
92048
91929
92048
91929
92048
91929
92048
91929
92048
91929
92048
91929
92048
91929
92048
91929
92048
91929
92048
91929
91810
91811
91692
91691
91572
91571
91452
91451
91332
91331
91212
91093
91092
91093
91212
91331
91332
91451
91452
91454
91573
91692
91693
91812
91813
91932
91931
91930
91929
92048
91929
92048
91929
92048
91929
92048
91929
92048
91929
92048
91929
92048
91929
92048
91929
92048
91929
92048
91929
92048
91929
92048
91929
92048
91929
92048
91929
92048
91929
92048
91929
92048
91929
92048
91929
92048
91929
92048
91929
92048
91929
92048
91929
92048
91929
92048
91929
92048
91929
92048
91929
92048
91929
92048
91929
92048
91929
92048
91929
92048
91929
92048
91929
92048
91929
92048
91929
92048
91929
92048
91929
92048
91929
92048
91929
92048
91929
92049
91929
92048
91929
92048
91929
92048
91929
92048
92047
92048
91929
92048
91929
92048
91929
92048
91929
92048
91929
92048
91929
92048
91930
92049
91930
92049
92048
91929
92048
91929
92048
91929
92048
91929
92048
91929
92048
91929
92048
91929
92048
91929
92048
91929
92048
91929
92048
91929
92048
91929
92048
91929
92048
91929
92048
91929
92048
91929
92048
91929
92048
91929
92048
91929
92048
91929
92048
91929
92048
91929
92048
91929
92048
91929
92048
91929
92048
91929
92048
91929
92048
91929
92048
91929
92048
91929
92048
91929
92048
91929
92048
91929
92048
91929
92048
91929
92048
91929
92048
91929
92048
91929
92048
91929
92048
91929
92048
91929
92048
91929
92048
91929
92048
91929
92048
91929
92048
91929
92048
91929
92048
91929
92048
91929
92048
91929
92048
91929
92048
91929
92048
91929
92048
91929
92048
91929
92048
91929
92048
91929
92048
91929
92048
91929
92048
91929
92048
91929
92048
91929
92048
91929
92048
91929
92048
91929
92048
91929
92048
91929
92048
91929
92048
91929
92048
91929
92048
91929
92048
91929
92048
91929
92048
91929
92048
91929
92048
91929
92048
91929
92048
91929
92048
91929
92048
91929
92048
91929
92048
91929
92048
91929
92048
91929
92048
91929
92048
91929
92048
91929
92048
91929
92048
91929
92048
91929
