35685
35686
35685
35686
35685
35804
35803
35921
36040
36039
36158
36277
36276
36275
36394
36513
36632
36751
36750
36869
36868
36987
36986
36985
37104
37105
37104
89071
53880
89071
53880
89071
53761
89071
89072
89071
89430
89429
89548
89667
89666
89785
89784
89904
89903
90022
90141
90260
90379
90498
90617
90736
90855
90974
91093
91094
91213
91333
91334
91453
91454
91573
91692
91693
91812
91813
91932
91931
92050
92049
92050
92051
92050
91931
91932
91813
91812
91693
91692
91573
91454
91573
91692
91693
91812
91813
91932
91931
91930
91929
92048
91929
92048
91929
92048
91929
92048
91929
92048
91929
92048
91929
92048
91929
92048
91929
92048
91929
92048
91929
92048
91929
92048
91929
92048
91929
92048
91929
92048
91929
92048
91929
92048
92047
92048
91929
92048
91929
92048
91929
92048
91929
92048
91929
92048
91929
92048
91929
92048
91929
92048
91929
92048
91929
92048
91929
92048
91929
92048
91929
92048
91929
92048
91929
92048
91929
92048
91929
92048
91929
92048
91929
92048
91929
92048
91929
92048
91929
92048
91929
92048
91929
92048
91929
92048
91929
92048
91929
92048
91929
92048
91929
92048
91929
92048
91929
92048
92049
92048
91929
92048
91929
92048
91929
92048
91929
92048
91929
92048
91929
92048
91929
92048
91928
91929
