90142
90141
90142
90141
90142
90141
90142
90141
90022
90023
89904
90023
90024
89905
89906
89907
90026
90027
89908
89909
89910
89911
90029
90030
90029
90148
90267
90268
90149
90268
90149
90150
90269
90270
90269
90150
90149
90268
90149
90268
90267
90148
90147
90148
90028
90029
89910
89909
89908
90027
90026
89907
89906
90025
90024
90023
90142
90141
90142
90141
90142
90141
90142
90141
90142
90141
90142
90023
90142
90141
90142
90141
90142
90141
90142
90141
90142
90141
90142
90141
90142
90141
90142
90141
90142
90141
90142
90141
90142
90141
90142
90141
90142
90141
90142
90141
90142
90141
90142
90141
90142
90141
90142
90141
90142
90141
90142
90141
90142
90141
90142
90141
90142
90141
90142
90141
90142
90141
90142
90141
90142
90141
90142
90141
90142
90141
90142
90141
90142
90141
90142
90141
90142
90141
90142
90141
90142
90141
90142
90141
90142
90141
90142
90141
90142
