90378
90259
90378
90377
90258
90259
90140
90141
90260
90379
90498
90617
90498
90497
90378
90259
90140
90259
90258
90257
90258
90259
90258
90377
90258
90377
90258
90377
90258
90377
90378
90377
90258
90377
90258
90377
90258
90377
90258
90377
90258
90377
90258
90377
90258
90377
90258
90377
90258
90377
90258
90377
90258
90377
90258
90377
90258
90377
90258
90377
90258
90377
90258
90377
90258
90377
90258
90377
90258
90377
90258
90377
90258
90377
90258
90377
90258
90377
90258
90377
90258
90377
90258
90377
90258
90377
90258
90377
90258
90377
90258
90377
90258
90377
90258
90377
90258
90377
90378
90259
90140
90141
90022
90023
90022
90023
90024
90023
90024
90023
90022
90141
90140
90259
90258
90259
90258
90259
