89312
89311
89312
89311
89430
89429
89548
89667
89666
89785
89784
89903
89904
89903
90022
90023
89906
89908
89909
89910
89911
89910
90029
90030
90029
90148
90267
90386
90505
90504
90623
90624
90625
90624
90623
90504
90505
90506
90507
90508
90509
90390
90391
90390
90509
90510
90629
90628
90627
90746
90745
90744
90625
90624
90743
90742
90623
90504
90505
90386
90267
90148
90029
89910
89911
89910
89909
89908
90027
90026
89907
89906
90025
90024
90023
90022
89903
89904
89903
89784
89785
89666
89667
89548
89429
89430
89311
89312
89311
89312
89311
89312
89313
89194
89075
89076
89075
