86138
86257
86256
86375
86374
86493
86492
86373
86492
86611
86610
86729
86728
86847
86966
86965
87084
87203
87202
87321
87320
87319
87438
87437
87436
87435
87434
87433
87432
87551
87550
87549
87430
87429
87428
87427
87426
87425
87544
87543
87662
87661
87660
87659
87658
87657
87776
87775
87774
87773
87772
87891
88010
88009
88008
88127
88126
88125
88124
88243
88242
88241
88240
88239
88238
88119
88238
88239
88358
88477
88596
88715
88834
88953
88954
89073
89192
89311
89430
89429
89548
89667
89666
89785
89784
89903
89904
89903
90022
90141
90022
90023
89905
89906
89907
90026
90027
89908
89909
89910
90029
90148
