21868
21869
21870
21869
21750
21631
21512
21393
21274
21155
21036
20917
20798
20679
20560
20441
20322
20203
20084
19965
19846
19727
19608
19489
19370
19369
19250
19131
19012
18893
18892
18773
18654
18535
18416
18297
18178
18059
17940
17821
17702
17583
17584
17465
17346
17227
17108
17109
17110
17111
17112
17113
17114
17115
17116
16997
16998
17118
17119
17120
17121
17002
17003
17004
17005
17006
16887
16888
16889
16770
16771
16772
16653
16654
16655
16656
16537
16536
16417
16298
16179
16060
15941
15822
15703
15584
15465
15346
15347
15228
15229
15110
14991
14872
14873
14754
14755
14636
14517
14398
14399
14398
14279
14278
14277
14158
14157
14038
14037
14036
13917
13916
13797
13796
13795
13914
14033
14152
14271
14390
14509
14628
14747
14628
14509
14508
14509
14390
14271
14152
14033
13914
13795
13796
13677
13676
13557
13556
13436
13435
13316
13315
13314
13195
13076
13075
12956
12955
12836
12835
12834
12715
12834
12833
12832
12713
12594
12593
12474
12473
12354
12235
12234
12115
12114
11995
11994
11875
11874
11755
11636
11635
11516
11397
11278
11279
11160
11041
10922
10803
10802
10683
10682
10563
10444
10325
10206
10087
10088
10087
9968
9849
9730
9611
9612
9493
9374
9255
9254
9135
9016
8897
8778
8659
8540
8541
8422
8303
8184
8065
7946
7947
7828
7709
7590
7471
7352
7233
7114
6995
6876
6757
6638
6519
6400
6401
6402
6403
6404
6285
6284
6403
6404
6285
6284
6285
6284
6285
6286
