92048
91929
91928
91809
91690
91691
91572
91453
91335
91336
91217
91218
91099
91100
90981
90862
90743
90624
90625
90624
90505
90504
90505
90624
90625
90624
90743
90862
90981
91100
91099
91218
91217
91336
91335
91454
91453
91454
91573
91692
91693
91812
91813
91932
91931
92050
92048
91929
91930
91931
91932
91813
91812
91693
91692
91573
91454
91453
91334
91333
91213
91094
91093
90974
90855
90736
90617
90498
90379
90260
90141
90022
90141
90140
90141
90260
90379
90498
90617
90736
90855
90974
91093
91094
91213
91333
91334
91453
91454
91573
91692
91693
91812
91813
91932
91931
92050
92049
91930
91931
91812
91811
91692
91691
91572
91571
91454
91453
91334
91333
91213
91094
91093
90974
90855
90736
90617
90498
90379
90260
90141
