90259
90140
90141
90260
90379
90498
90617
90736
90855
90974
91093
91094
91213
91214
91333
91334
91453
91454
91573
91692
91693
91812
91813
91932
91933
92052
92171
92290
92409
92410
92529
92648
92647
92766
92885
93004
93123
93242
93361
93480
93479
93598
93717
93716
93835
93834
93953
93952
94071
94070
94189
94188
94307
94306
94425
94544
94663
94782
94901
94900
95019
95138
95257
95258
95257
95376
95375
95494
95493
95612
95611
95730
95729
95848
95967
96086
96085
96084
96203
96202
96321
96202
96203
96084
96085
96086
96085
96086
95967
95848
95729
95730
95611
95612
95493
95494
95375
95376
95257
95258
95377
95376
95495
95614
95733
95852
95971
96090
96209
96208
96327
96445
96444
96563
96444
96443
96562
96561
96560
96679
96798
96917
97036
97035
97034
97152
97270
97269
97268
97267
97266
97265
97264
97263
97262
97143
