91454
91573
91692
91693
91812
91813
91932
91931
91930
91929
92048
91929
92048
91929
92048
91929
92048
91929
92048
91929
92048
91929
92048
91929
92048
91929
92048
91929
92048
91929
92048
91929
92048
91929
92048
91929
92048
91929
92048
91929
92048
91929
92048
91929
92048
91929
92048
91929
92048
91929
92048
91929
92048
91929
92048
91929
92048
91929
92048
91929
92048
91929
92048
91929
92048
91929
92048
91929
92048
91929
92048
91929
92048
91929
92048
91929
92048
91929
92048
91929
92048
91929
92048
91929
92048
91929
92048
91929
92048
91929
92048
91929
92048
91929
92048
91929
92048
91929
92048
91929
92048
91929
92048
91929
92048
91929
92048
91929
92048
91929
92048
91929
92048
91929
92048
91929
92048
91929
92048
91929
92048
91929
92048
91929
92048
91929
92048
91929
92048
91929
92048
91929
92048
91929
92048
91929
92048
91929
92048
91929
92048
91929
92048
91929
92048
91929
92048
91929
92048
91929
92048
91929
92048
91929
92048
91929
92048
91929
92048
91929
92048
91929
92048
91929
92048
91929
92048
91929
92048
91929
92048
91929
92048
91929
92048
91929
92048
91929
92048
91929
92048
91929
92048
91929
92048
91929
92048
91929
92048
91929
92048
91929
92048
91929
92048
91929
92048
91929
92048
91929
92048
91929
92048
91929
92048
91929
92048
91929
92048
91929
92048
91929
92048
91929
92048
91929
92048
91929
92048
91929
92048
91929
92048
91929
92048
91929
92048
91929
92048
91929
92048
91929
92048
91929
92048
91929
92048
91929
92048
91929
92048
91929
92048
91929
92048
91929
92048
91929
92048
91929
92048
91929
92048
91929
92048
91929
92048
91929
92048
91929
92048
91929
92048
91929
92048
91929
92048
91929
92048
91929
92048
91929
92048
91929
92048
91929
92048
91929
92048
91929
92048
91929
92048
91929
92048
91929
92048
91929
92048
91929
92048
91929
92048
91929
92048
91929
92048
91929
92048
91929
92048
91929
92048
91929
92048
91929
92048
91929
92048
91929
92048
91929
92048
91929
92048
91929
92048
91929
92048
91929
92048
91929
92048
91929
92048
91929
92048
91929
92048
91929
92048
91929
92048
91929
92048
91929
92048
91929
92048
91929
92048
91929
92048
91929
92048
91929
92048
91929
92048
91929
92048
91929
92048
91929
92048
91929
92048
91929
92048
91929
92048
91929
92048
91929
92048
91929
92048
91929
92048
91929
92048
91929
92048
91929
