65603
65602
65483
65364
65483
65364
65363
65482
65483
65482
65483
65482
65481
65480
65599
65480
65481
65482
65483
65482
65483
65482
65483
65482
65483
65482
65483
65482
65601
65602
65603
65722
65603
65604
65485
65484
65603
65602
65483
65364
65363
65244
65243
65124
65005
65004
64885
64765
64646
64527
64408
64289
64170
64169
64050
64049
63930
63811
63692
63691
63690
63571
63570
63569
63568
63449
63448
63329
63330
63329
63328
63209
63328
63327
63326
63206
63087
63086
63085
62966
62847
62846
62727
62608
62607
62488
62487
62368
62367
62368
62367
62368
62367
62368
62487
62488
62369
62488
62369
62488
62369
62488
62487
62486
62605
62724
62725
62844
62963
62964
63083
63202
63203
63322
63323
63324
63325
63444
63445
63564
63565
63566
63567
63568
63687
63688
63689
63688
63689
63690
63809
63810
63811
63930
64049
64050
64169
64170
64289
64408
64527
64646
64765
64766
64885
65004
65005
65124
65243
65244
65363
65364
65483
65484
65603
65602
65483
65602
65603
65722
65603
