90617
90498
90497
90378
90259
90140
90141
90142
90141
90260
90379
90498
90379
90260
90141
90022
89903
89904
89903
89784
89785
89666
89667
89548
89429
89430
89311
89192
89191
89190
89071
89072
89071
89190
89071
88952
88833
88714
88595
88476
88477
88359
88479
88480
88481
88600
88601
88602
88722
88723
88724
88725
88726
88727
88847
88848
88849
88850
88851
88852
88853
88854
88855
88974
88975
88976
88977
88978
88979
88980
88981
88982
88983
88984
88985
88986
88987
88988
88989
88990
88991
88992
88993
88994
88995
88996
88997
88998
88999
89000
89001
89002
89003
89004
89005
89006
89007
89008
89009
89010
89011
89012
89013
89014
89015
89016
89017
89018
89019
89020
89021
89022
89023
89024
89025
89026
89027
89028
89029
89030
89031
89032
89033
89034
89035
89036
89037
89038
89039
89040
89041
89042
89043
88925
88926
88927
88928
88929
88930
88931
88932
88933
88934
88935
88936
88937
88938
88939
88821
88822
88823
88824
88825
88826
88827
88828
88829
88830
88831
88832
88833
88834
88835
88836
88837
88838
88839
88840
88841
88842
88843
88844
88845
88727
88728
88729
88730
88731
88732
88733
88734
88735
88736
88737
88738
88739
88740
88741
88742
88743
88744
88745
88627
88628
88629
88630
88631
88632
88633
88634
88635
88636
88637
88638
88639
88640
88641
88642
88643
88644
88645
88646
88647
88529
88530
88531
88532
88533
88534
88535
88536
88537
88538
88539
88540
88541
88542
88543
88544
88545
88546
88547
88548
88549
88550
88432
88433
88434
88435
88436
88437
88438
88439
88440
88441
88442
88443
88444
88445
88446
88447
88448
88449
88450
88451
88333
88334
88335
88336
88337
88338
88339
88340
88341
88342
88343
88344
88345
88346
88347
88348
88349
88350
88231
88232
88233
88234
88235
88236
88237
88238
88239
88240
88241
88242
88243
88244
88245
88246
88247
88248
88249
88131
88132
88133
88134
88135
88136
88137
88138
88139
88140
88141
88142
88143
88144
88145
88146
88028
88029
88030
88031
88032
88033
88034
88035
88036
88037
88038
88039
88040
88041
88042
88043
88044
87925
87926
87927
87928
87929
87930
87931
87932
87933
87934
87935
87936
87937
87938
87939
87821
87822
87823
87824
87825
87826
87827
87828
87829
87830
87831
87832
87833
87715
87716
87717
87718
87719
87720
87721
87722
87723
87724
87725
87726
87727
87609
87610
87611
87612
87613
87614
87615
87616
87617
87618
87619
87620
87621
87502
87503
87504
87505
87506
87507
87508
87509
87510
87511
87512
87513
87514
87515
87397
87398
87399
87400
87401
87402
87403
87404
87405
87406
87407
87408
87409
87410
87411
87292
87293
87294
87295
87296
87297
87298
87299
87300
87301
87302
87303
87304
87305
87187
87188
87189
87190
87191
87192
87193
87194
87195
87196
87197
87198
87199
87081
87082
87083
87084
87085
87086
87087
87088
87089
87090
87091
86973
86974
86975
86976
86977
86978
86979
86980
86981
86982
86983
86865
86866
86867
86868
86869
86870
86871
86872
86873
86874
86875
86756
86757
86758
86759
86760
86761
86762
86763
86764
86765
86766
86767
86648
86649
86650
86651
86652
86653
86654
86655
86656
86657
86658
86540
86541
86542
86543
86544
86545
86546
86547
86548
86549
86550
86432
86433
86434
86435
86436
86437
86438
86439
86440
86441
86323
86324
86325
86326
86327
86328
86329
86330
86331
86332
86213
86214
86215
86216
86217
86218
86219
86220
86221
86222
86223
86104
86105
86106
86107
86108
86109
86110
86111
86112
86113
86114
85995
85996
85997
85998
85999
86000
86001
86002
86003
86004
86005
85886
85887
85888
85889
85890
85891
85892
85893
85894
85895
85777
85778
85779
85780
85781
85782
85783
85784
85785
85786
85667
85668
85669
85670
85671
85672
85673
85674
85675
85676
85558
85559
85560
85561
85562
85563
85564
85565
85566
85448
85449
85450
85451
85452
85453
85454
85455
85456
85338
85339
85340
85341
85342
85343
85344
85345
85227
85228
85229
85230
85231
85232
85233
85234
85235
85117
85118
85119
85120
85121
85122
85123
85124
85006
85007
85008
85009
85010
85011
85012
85013
85014
84896
84897
84898
84899
84900
84901
84902
84903
84785
84786
84787
84788
84789
84790
84791
84792
84793
84675
84676
84677
84678
84679
84680
84681
84682
84564
84565
84566
84567
84568
84569
84570
84452
84453
84454
84455
84456
84457
84458
84459
84341
84342
84343
84344
84345
84346
84347
84348
84230
84231
84232
84233
84234
84235
84236
84118
84119
84120
84121
84122
84123
84124
84125
84007
84008
84009
84010
84011
84012
84013
83895
83896
83897
83898
83899
83900
83901
83902
83784
83785
83786
83787
83788
83789
83790
83672
83673
83674
83675
83676
83677
83678
83560
83561
83562
83563
83564
83565
83566
83448
83449
83450
83451
83452
83453
83454
83455
83337
83338
83339
83340
83341
83342
83343
83225
83226
83227
83228
83229
83230
83231
83113
83114
83115
83116
83117
83118
83119
83001
83002
83003
83004
83005
83006
83007
82888
82889
82890
82891
82892
82893
82894
82895
82776
82777
82778
82779
82780
82781
82782
82664
82665
82666
82667
82668
82669
82670
82552
82553
82554
82555
82556
82557
82558
82440
82441
82442
82443
82444
82445
82327
82328
82329
82330
82331
82332
82333
82215
82216
82217
82218
82219
82220
82221
82103
82104
82105
82106
82107
82108
81990
81991
81992
81993
81994
81995
81996
81878
81879
81880
81881
81882
81883
81765
81766
81767
81768
81769
81770
81771
81653
81654
81655
81656
81657
81658
81540
81541
81542
81543
81544
81545
81546
81428
81429
81430
81431
81432
81433
81315
81316
81317
81318
81319
81320
81321
81202
81203
81204
81205
81206
81207
81208
81089
81090
81091
81092
81093
81094
81095
80976
80977
80978
80979
80980
80981
80863
80864
80865
80866
80867
80868
80750
80751
80752
80753
80754
80755
80637
80638
80639
80640
80641
80642
80524
80525
80526
80527
80528
80410
80411
80412
80413
80414
80415
80297
80298
80299
80300
80301
80302
80184
80185
80186
80187
80188
80070
80071
80072
80073
80074
80075
79957
79958
79959
79960
79961
79962
79844
79845
79846
79847
79848
79730
79731
79732
79733
79734
79735
79617
79618
79619
79620
79621
79503
79504
79505
79506
79507
79508
79390
79391
79392
79393
79394
79395
79277
79278
79279
79280
79281
79163
79164
79165
79166
79167
79168
79050
79051
79052
79053
79054
78936
78937
78938
78939
78940
78822
78823
78824
78825
78826
78708
78709
78710
78711
78712
78713
78595
78596
78597
78598
78599
78481
78482
78483
78484
78485
78486
78367
78368
78369
78370
78371
78372
78253
78254
78255
78256
78257
78258
78140
78141
78142
78143
78144
78026
78027
78028
78029
78030
77912
77913
77914
77915
77916
77798
77799
77800
77801
77802
77684
77685
77686
77687
77688
77570
77571
77572
77573
77574
77456
77457
77458
77459
77460
77342
77343
77344
77345
77346
77228
77229
77230
77231
77232
77114
77115
77116
77117
77118
76999
77000
77001
77002
77003
77004
76886
76887
76888
76889
76890
76772
76773
76774
76775
76776
76657
76658
76659
76660
76661
76662
76544
76545
76546
76547
76429
76430
76431
76432
76433
76434
76315
76316
76317
76318
76319
76320
76321
76322
76203
76204
76205
76206
76207
76208
76209
76090
76091
76092
76093
76094
76095
76096
76097
75978
75979
75980
75981
75982
75983
75984
75866
75867
75868
75869
75870
75871
75872
75754
75755
75756
75757
75758
75759
75641
75642
75643
75644
75645
75646
75528
75529
75530
75531
75532
75533
75415
75416
75417
75418
75419
75420
75302
75303
75304
75305
75306
75307
75189
75190
75191
75192
75193
75194
75195
75076
75077
75078
75079
75080
75081
75082
74963
74964
74965
74966
74967
74968
74969
74970
74851
74852
74853
74854
74855
74856
74857
74738
74739
74740
74741
74742
74743
74744
74626
74627
74628
74629
74630
74512
74513
74514
74515
74516
74517
74399
74400
74401
74402
74403
74404
74286
74287
74288
74289
74290
74291
74173
74174
74175
74176
74177
74059
74060
74061
74062
74063
74064
73946
73947
73948
73949
73950
73951
73833
73834
73835
73836
73837
73838
73719
73720
73721
73722
73723
73724
73606
73607
73608
73609
73610
73611
73492
73493
73494
73495
73496
73497
73498
73380
73381
73382
73383
73384
73266
73267
73268
73269
73270
73271
73153
73154
73155
73156
73157
73039
73040
73041
73042
73043
73044
72926
72927
72928
72929
72930
72812
72813
72814
72815
72816
72698
72699
72700
72701
72702
72703
72584
72585
72586
72587
72588
72589
72471
72472
72473
72474
72475
72476
72357
72358
72359
72360
72361
72362
72244
72245
72246
72247
72248
72130
72131
72132
72133
72134
72016
72017
72018
72019
72020
72021
71902
71903
71904
71905
71906
71907
71789
71790
71791
71792
71793
71674
71675
71676
71677
71678
71679
71561
71562
71563
71564
71565
71446
71447
71448
71449
71450
71451
71333
71334
71335
71336
71337
71338
71219
71220
71221
71222
71223
71105
71106
71107
71108
71109
71110
70992
70993
70994
70995
70996
70877
70878
70879
70880
70881
70763
70764
70765
70766
70767
70649
70650
70651
70652
70653
70534
70535
70536
70537
70538
70420
70421
70422
70423
70424
70306
70307
70308
70309
70310
70192
70193
70194
70195
70196
70077
70078
70079
70080
70081
70082
69964
69965
69966
69967
69968
69850
69851
69852
69853
69854
69735
69736
69737
69738
69739
69620
69621
69622
69623
69624
69506
69507
69508
69509
69510
69392
69393
69394
69395
69396
69278
69279
69280
69281
69282
69164
69165
69166
69167
69168
69049
69050
69051
69052
69053
68935
68936
68937
68938
68820
68821
68822
68823
68824
68706
68707
68708
68709
68710
68592
68593
68594
68595
68477
68478
68479
68480
68481
68362
68363
68364
68365
68366
68247
68248
68249
68250
68251
68132
68133
68134
68135
68136
68018
68019
68020
68021
68022
67903
67904
67905
67906
67907
67789
67790
67791
67792
67674
67675
67676
67677
67678
67560
67561
67562
67563
67445
67446
67447
67448
67330
67331
67332
67333
67334
67216
67217
67218
67219
67101
67102
67103
67104
66986
66987
66988
66989
66990
66872
66873
66874
66875
66757
66758
66759
66760
66761
66642
66643
66644
66645
66646
66527
66528
66529
66530
66412
66413
66414
66415
66416
66298
66299
66300
66301
66183
66184
66185
66186
66068
66069
66070
66071
66072
65953
65954
65955
65956
65838
65839
65840
65841
65723
65724
65725
65726
65727
65609
65610
65611
65612
65494
65495
65496
65497
65379
65380
65381
65382
65264
65265
65266
65267
65149
65150
65151
65152
65153
65034
65035
65036
65037
64919
64920
64921
64922
64804
64805
64806
64807
64689
64690
64691
64692
64574
64575
64576
64577
64459
64460
64461
64462
64344
64345
64346
64347
64229
64230
64231
64232
64114
64115
64116
64117
63999
64000
64001
64002
63883
63884
63885
63886
63768
63769
63770
63771
63653
63654
63655
63656
63538
63539
63540
63541
63423
63424
63425
63426
63308
63309
63310
63311
63193
63194
63195
63077
63078
63079
63080
62962
62963
62964
62965
62846
62847
62848
62849
62850
62732
62733
62734
62616
62617
62618
62619
62501
62502
62503
62504
62386
62387
62388
62270
62271
62272
62273
62155
62156
62157
62158
62040
62041
62042
62043
61924
61925
61926
61927
61809
61810
61811
61812
61693
61694
61695
61696
61578
61579
61580
61581
61462
61463
61464
61465
61346
61347
61348
61349
61231
61232
61233
61234
61115
61116
61117
61118
61119
61000
61001
61002
61003
60884
60885
60886
60887
60768
60769
60770
60771
60652
60653
60654
60655
60536
60537
60418
60299
60180
60062
59943
59824
59705
59586
59468
59349
59230
59111
58992
58873
58874
58755
58636
58637
58518
58399
58400
58282
58283
58165
58166
58167
58168
58169
58170
58171
58172
58173
58174
58175
58176
58177
58178
58179
58180
58181
58182
58183
58184
58185
58304
58305
58304
58305
58306
58425
58544
58663
58664
