90378
90259
90258
90259
90378
90377
90496
90497
90378
90259
90140
90259
90141
90142
90141
90140
90259
90258
90257
90256
90257
90258
90259
90258
90377
90258
90377
90258
90377
90258
90377
90258
90377
90258
90377
90258
90377
90258
90377
90258
90377
90258
90377
90258
90377
90258
90377
90258
90377
90258
90377
90258
90377
90258
90377
90258
90377
90258
90377
90258
90377
90258
90377
90258
90377
90258
90377
90258
90377
90258
90377
90258
90377
90258
90377
90258
90377
90258
90377
90258
90377
90258
90377
90258
90377
90258
90377
90258
90377
90258
90377
90258
90377
90258
90377
90258
90377
90258
90377
90258
90377
90258
90377
90258
90377
90258
90377
90258
90377
90258
90377
90258
90377
90258
90377
90258
90377
90258
90377
90258
90377
90258
90377
90258
90377
90258
90377
90258
90377
90258
90377
90258
90377
90258
90377
90258
90377
90258
90377
90258
90377
90258
90377
90258
90377
90258
90377
90258
90377
90258
90377
90258
90377
90258
90377
90258
90377
90258
90377
90258
90377
90258
90377
90258
90377
90378
90377
90258
90377
90258
90377
90258
90377
90258
90377
90258
90377
90258
90377
90258
90377
90258
90377
90258
90377
90258
90377
90258
90377
90258
90377
90258
90377
90258
90377
90258
90377
90258
90259
