91454
91573
91692
91693
91812
91813
91932
91933
92052
92171
92290
92409
92410
92529
92648
92647
92766
92885
93004
92885
92766
92647
92648
92529
92410
92409
92290
92171
92170
92171
92052
91933
91932
91931
92050
92051
92050
92049
91930
91931
91932
91813
91812
91693
91692
91573
91454
91455
91456
91575
91694
91695
91696
91577
91696
91695
91694
91693
91812
91813
91932
91931
92050
92051
92050
92049
91930
92049
92048
91929
91930
91931
91932
91813
91812
91693
91692
91573
91571
91572
91691
91692
91811
91812
91931
91932
91813
91812
91693
91692
91573
