86309
86308
86189
86188
86069
85950
85831
85830
85711
85592
85473
85354
85235
85234
85115
85114
85113
84994
84875
84874
84755
84636
84635
84516
84397
84278
84159
84160
84041
84042
83923
83924
83805
83804
83685
83684
83565
83566
83447
83328
83327
83208
83089
83088
82969
82850
82851
82732
82613
82614
82495
82377
82258
82139
82140
82021
81902
81783
81782
81663
81664
81545
81544
81425
81306
81187
81188
81069
81070
80951
80832
80713
80714
80595
80476
80477
80358
80359
80240
80241
80122
80123
80124
80005
79886
79767
79648
79529
79410
79291
79292
79291
79172
79053
78934
78935
78816
78697
78698
78579
78580
78461
78342
78223
78222
78103
78102
77983
77982
77863
77864
77865
77746
77747
77748
77629
77748
77747
77748
77629
77748
77629
77510
77391
77272
77271
77390
77271
77270
77269
