90270
90151
90150
90149
90148
90147
90148
90149
90150
90151
90270
90269
90150
90149
90268
90267
90386
90505
90624
90625
90624
90743
90862
90981
91100
91099
91218
91217
91336
91335
91453
91572
91691
91690
91809
91690
91809
91808
91807
91808
91809
91690
91691
91572
91453
91335
91336
91217
91218
91099
91100
90981
90862
90743
90624
90625
90624
90505
90386
90267
90268
90149
90268
90267
90268
90149
90150
90269
90150
90269
90150
90269
90150
90269
90150
90269
90270
90271
90390
90389
90390
90509
90390
90509
90390
90509
90390
90509
90390
90509
90390
90509
90390
90389
90270
90151
