90270
90151
90150
90149
90268
90267
90266
90265
90264
90263
90262
90261
90260
90141
90022
89903
89904
89903
90022
90021
90022
90021
90022
90021
90022
90021
90140
90141
90260
90261
90262
90263
90264
90265
90266
90267
90268
90149
90268
90149
90150
90269
90270
90151
90150
90149
90148
90149
90148
90149
90148
90149
90148
90149
90148
90267
90268
90149
90268
90267
90266
90265
90264
90263
90262
90261
90260
90379
90498
90617
90736
90855
90974
91093
91094
91093
91092
91091
91210
91329
91448
91449
91448
91329
91330
91331
91332
91333
91334
91335
91336
91217
91218
91099
91100
90981
90862
90743
90624
90625
90624
90505
90386
90267
90268
90149
90268
90149
90150
90269
90270
