90498
90378
90259
90378
90377
90376
90375
90256
90257
90258
90139
90140
90141
90260
90379
90498
90499
90500
90499
90498
90379
90260
90141
90140
90259
90378
90377
90376
90375
90376
90377
90258
90257
90256
90375
90376
90377
90376
90495
90375
90495
90375
90495
90375
90495
90375
90495
90375
90495
90375
90495
90375
90495
90375
90495
90375
90495
90375
90495
90375
90495
90375
90495
90375
90495
90375
90495
90375
90495
90375
90495
90375
90495
90375
90495
90375
90495
90375
90495
90375
90495
90375
90495
90375
90495
90375
90495
90375
90495
90375
90495
90375
90495
90375
90495
90375
90495
90375
90495
90375
90495
90375
90495
90375
90495
90375
90495
90375
90495
90375
90495
90375
90495
90375
90495
90375
90495
90375
90495
90375
90495
90375
90495
90375
90495
90375
90495
90375
90495
90375
90495
90375
90495
90375
90495
90375
90495
90375
90495
90375
90495
90375
90495
90375
90495
90375
90495
90375
90495
90375
90495
90375
90495
90375
90495
90375
90495
90375
90495
90375
90495
90375
90495
90375
90495
90375
90495
90375
90495
90375
90495
90375
90495
90375
90495
90375
90495
90375
90495
90375
90495
90375
90495
90375
90495
90375
90495
90375
90495
90375
90495
90375
90495
90375
90495
90375
90495
90375
90495
90375
90495
90375
90495
90375
90495
90375
90495
90375
90495
90375
90495
90375
90495
90375
90495
90375
90495
90375
90495
90375
90495
90375
90495
90375
90495
90375
90495
90375
90495
90375
90495
90375
90495
90375
90495
90375
90495
90375
90495
90375
90495
90375
90495
90375
90495
90375
90495
90375
90495
90375
90495
90375
90495
90375
90495
